500 12500
41 142
232 286
53 107
233 353
289 412
473 492
192 196
359 405
236 434
103 140
188 213
94 256
396 440
421 437
254 372
208 487
225 358
164 283
250 389
253 470
54 200
224 456
42 57
95 179
30 236
40 410
458 472
127 274
26 253
128 197
401 477
188 383
75 219
344 372
259 299
30 367
55 123
37 465
153 233
320 442
398 422
149 250
284 335
78 478
193 488
234 467
370 475
113 177
182 412
154 156
252 405
358 366
215 265
70 483
80 290
56 216
260 426
27 202
173 494
158 304
378 462
149 420
146 161
244 444
261 315
350 405
137 421
265 332
207 304
89 200
163 375
363 403
108 441
80 460
310 315
225 242
170 473
167 214
265 463
23 355
53 127
367 441
1 72
24 422
343 477
110 253
384 456
275 309
58 232
147 432
462 470
332 435
388 494
303 421
250 443
267 314
18 142
9 368
79 251
263 331
139 437
65 461
270 429
340 422
99 347
53 462
317 381
124 378
259 353
145 266
226 356
4 488
64 197
231 406
21 393
182 432
68 345
19 91
222 378
96 457
158 324
114 120
69 158
186 436
102 286
191 376
171 246
290 383
58 82
416 435
322 478
44 292
160 170
30 135
335 366
105 401
207 489
221 313
106 468
48 440
376 379
164 318
155 434
135 304
474 489
24 476
310 500
82 326
36 441
225 461
242 332
10 31
14 48
167 433
99 231
168 466
161 263
131 326
95 248
231 256
42 160
131 360
132 283
4 372
112 153
231 290
193 392
377 472
59 175
279 498
21 277
31 84
145 315
152 379
222 262
22 344
223 295
165 267
149 319
468 484
26 458
141 303
256 313
414 473
113 212
255 424
26 492
23 123
169 415
41 61
12 47
330 454
55 362
42 461
191 260
232 239
330 488
158 373
129 359
219 482
31 419
237 310
155 318
135 188
310 384
22 24
285 387
54 119
58 136
416 489
184 188
204 428
303 325
175 414
87 281
389 465
19 446
246 364
237 480
119 376
21 127
353 358
66 398
21 161
303 490
324 378
61 492
409 451
181 277
36 495
296 397
422 449
10 85
328 492
193 407
78 397
95 268
185 391
71 194
110 492
112 173
11 152
67 211
287 369
157 334
348 478
29 457
70 436
71 359
3 157
362 433
149 339
308 422
391 481
378 415
333 453
304 439
91 455
190 352
326 360
183 259
252 494
351 391
227 497
41 81
300 427
65 79
66 112
12 101
216 311
81 336
52 322
187 407
272 480
40 179
102 224
113 431
69 227
146 284
15 326
16 249
220 459
237 330
4 106
87 165
138 467
109 453
65 249
8 254
175 463
192 334
311 471
167 337
40 349
258 383
192 368
9 321
65 380
40 383
21 176
42 64
127 247
26 226
181 292
218 327
169 183
71 209
55 96
374 426
1 360
173 297
361 394
231 359
238 423
209 409
6 122
165 205
120 353
91 339
152 448
169 319
382 413
138 181
109 167
165 336
81 186
255 459
112 358
28 208
117 298
84 267
69 77
13 495
159 200
277 414
15 176
212 322
183 308
403 466
59 414
106 222
261 288
117 429
162 425
48 228
208 344
80 433
264 403
61 226
167 187
151 239
23 328
53 100
7 490
52 342
294 484
396 428
52 376
207 442
159 370
109 468
84 471
229 363
126 373
172 292
242 285
105 490
100 107
107 171
16 434
148 150
17 192
34 63
173 181
275 447
263 304
217 419
348 377
111 319
164 441
279 451
483 496
38 211
8 439
324 447
91 223
296 466
53 435
83 372
8 473
373 413
30 394
51 133
127 432
1 414
113 165
14 302
334 390
75 411
92 282
77 92
205 480
334 424
7 243
277 429
298 317
134 218
6 307
383 390
240 289
11 357
195 327
98 111
52 226
219 435
226 499
256 436
32 96
123 142
183 328
12 136
101 336
298 482
200 233
186 409
155 271
10 489
244 471
232 328
119 164
90 150
28 427
105 374
32 266
392 465
466 475
12 306
225 400
152 182
225 434
99 204
53 319
388 487
71 113
124 235
184 311
16 488
13 229
316 336
431 456
218 362
406 459
377 445
120 257
90 485
7 93
63 152
30 443
17 377
161 401
223 268
78 486
308 341
34 282
149 292
25 398
120 388
238 492
76 184
195 211
165 274
256 320
198 402
212 226
199 325
182 454
10 339
244 321
101 220
71 448
145 458
211 324
20 151
89 111
59 449
204 231
143 156
130 255
93 259
19 283
41 204
5 126
429 494
36 298
151 308
289 474
274 284
25 112
201 341
41 369
58 240
331 410
73 464
29 260
279 355
118 460
242 354
46 131
5 296
303 463
320 334
124 255
239 265
410 491
69 486
148 253
34 166
6 75
26 315
95 275
11 125
67 184
152 367
156 384
166 191
22 332
137 177
181 415
84 89
46 301
1 449
313 440
42 318
277 333
28 161
173 420
174 343
248 353
191 248
48 147
39 373
150 235
66 85
155 175
354 445
424 438
428 455
330 481
12 74
98 180
257 263
81 209
28 331
395 458
40 186
186 478
216 415
346 484
286 442
5 146
208 433
163 471
160 212
20 370
250 335
107 124
77 462
380 404
270 321
135 346
140 286
26 199
409 439
182 188
385 475
153 174
12 409
327 447
128 177
38 164
167 475
83 325
160 382
144 434
47 218
86 406
320 388
42 202
262 360
161 339
43 235
255 296
35 109
31 126
136 439
108 217
206 466
34 351
81 159
35 274
42 338
95 460
330 365
284 480
52 179
272 337
256 389
43 405
122 172
202 488
403 439
106 195
31 296
428 470
55 404
305 499
375 382
247 471
143 191
163 321
318 387
89 180
64 458
175 320
146 306
372 437
336 359
65 237
368 454
57 221
41 273
140 170
216 469
197 262
201 279
54 161
241 500
69 385
86 256
189 280
274 353
245 339
130 494
364 476
275 420
360 493
13 182
79 197
302 465
218 315
103 305
46 200
279 424
120 210
22 236
91 196
324 420
148 288
17 330
352 498
68 155
238 411
115 440
124 358
95 344
28 65
471 491
173 324
59 237
227 369
31 146
448 450
100 381
29 499
273 288
448 484
117 286
88 272
92 289
177 472
391 489
18 423
133 268
124 494
321 352
355 416
19 202
137 416
351 433
329 483
268 408
371 419
158 435
25 31
28 400
144 168
359 420
15 368
62 176
176 263
13 32
217 242
192 245
307 365
278 351
232 466
46 50
164 264
50 67
147 393
5 215
364 491
8 296
197 316
69 405
296 323
221 424
123 450
209 281
98 453
124 208
11 44
139 432
127 289
103 325
75 234
213 429
104 282
373 435
230 334
117 170
292 476
209 451
190 244
251 353
52 83
370 490
121 318
256 293
223 406
100 435
56 231
260 441
44 88
11 379
18 443
97 210
28 250
42 441
69 119
158 319
277 456
350 420
121 488
76 361
133 453
28 420
97 380
81 432
9 247
229 405
111 191
87 227
126 415
271 307
102 451
114 416
1 252
100 149
71 135
274 422
177 206
275 455
33 347
349 355
1 286
291 327
177 240
9 417
7 81
96 171
201 484
181 354
37 495
67 157
137 150
128 266
210 402
53 477
182 311
153 297
124 393
223 290
95 379
70 382
117 190
262 449
132 414
414 468
202 407
287 480
187 217
191 221
116 432
305 452
92 358
24 156
208 236
293 309
264 295
165 432
151 165
141 468
36 155
66 92
297 457
9 97
338 436
342 453
2 371
85 430
155 313
375 471
245 258
151 301
233 437
204 423
159 461
45 374
4 217
103 224
135 319
120 129
324 339
151 466
152 224
167 448
397 413
124 277
30 320
156 372
42 175
110 487
255 269
18 211
316 378
87 446
287 364
288 397
59 190
235 309
91 285
92 208
7 135
47 356
116 316
18 342
107 432
136 446
10 216
369 492
49 71
95 433
378 410
195 253
81 166
297 341
38 472
75 473
85 280
2 255
170 387
102 185
247 444
118 167
89 153
59 491
204 273
28 353
15 287
35 417
233 321
105 300
60 448
32 192
282 287
168 200
207 388
420 482
138 428
122 315
208 455
26 56
197 235
151 350
286 435
54 134
241 473
228 407
258 344
311 466
30 170
286 469
168 365
257 455
70 116
228 441
130 467
114 354
229 474
57 359
77 489
331 452
4 271
234 236
218 288
57 393
104 201
278 474
59 74
46 173
234 270
262 348
182 215
352 471
18 226
149 184
262 382
140 444
6 117
226 275
124 331
370 443
312 415
287 418
87 500
153 366
259 437
10 265
214 475
148 431
149 354
64 281
105 150
148 465
391 496
31 284
248 395
251 476
169 484
452 461
66 127
338 374
10 435
8 99
300 476
98 222
167 182
272 495
187 422
142 460
26 71
314 431
176 270
58 166
102 404
421 459
151 370
20 412
250 377
319 337
306 436
175 478
335 450
22 93
33 300
17 187
267 282
8 303
50 205
41 431
26 241
324 408
167 483
266 380
57 413
454 477
41 465
100 238
75 241
86 448
103 463
219 231
423 441
59 259
263 469
75 406
394 461
181 477
63 263
68 313
222 346
252 393
22 428
308 452
177 494
366 480
108 259
100 408
382 462
24 109
255 474
354 371
141 387
415 480
42 414
226 494
256 431
183 323
174 439
175 197
244 432
321 379
55 446
4 5
375 424
44 226
90 145
208 359
146 314
150 331
233 390
37 167
289 449
221 247
138 497
207 457
25 58
84 486
111 164
229 378
285 471
102 424
87 234
38 90
258 413
303 409
458 475
114 423
462 492
1 259
221 417
156 325
62 368
177 213
32 431
348 392
50 225
120 218
94 463
121 141
279 466
60 66
234 339
90 480
22 278
92 161
68 197
213 456
369 445
25 393
52 71
111 499
67 295
84 166
127 481
358 369
60 202
362 386
70 486
365 467
215 302
186 288
334 439
44 110
18 465
233 240
178 471
52 241
67 465
154 329
10 470
273 466
93 254
109 367
297 464
65 163
155 286
51 483
196 265
167 251
83 101
44 280
97 402
134 403
69 311
159 434
146 368
160 192
275 312
364 402
217 284
193 210
396 497
119 344
278 427
75 140
279 350
66 366
433 493
135 326
164 340
238 337
327 427
25 243
156 345
227 295
218 411
205 345
188 474
402 491
121 195
92 181
317 418
55 180
46 296
337 370
276 295
361 478
451 491
231 443
6 206
20 30
95 406
125 343
209 493
166 322
326 328
93 104
297 314
357 500
138 265
108 328
24 178
358 423
169 437
101 235
44 130
11 421
112 442
330 476
141 490
158 361
257 258
15 260
220 393
408 490
33 88
420 455
4 74
261 406
482 487
203 378
310 372
151 323
66 250
107 119
70 89
122 453
124 134
41 384
376 387
12 370
128 138
200 467
302 411
44 465
332 492
5 311
320 349
176 490
177 248
349 397
221 486
177 282
62 437
352 478
35 104
11 140
205 394
340 479
92 230
312 388
227 315
29 445
145 323
1 464
3 145
1 498
116 343
88 252
301 346
59 348
6 260
219 354
251 449
222 435
19 148
147 169
305 494
109 271
293 351
338 347
20 215
80 401
179 298
52 310
28 346
114 177
367 382
139 208
229 331
473 487
29 125
82 247
286 457
70 104
257 443
180 357
90 268
393 485
250 384
122 473
405 450
94 382
376 436
311 493
59 62
118 490
41 404
140 301
205 244
111 287
167 490
169 171
25 312
230 280
214 332
185 428
88 102
345 434
113 133
103 436
87 488
357 399
76 103
74 456
305 344
76 137
276 330
163 166
366 453
20 65
79 493
313 475
50 479
68 320
35 289
170 264
18 418
133 263
240 257
96 398
386 439
236 274
23 180
226 467
141 394
198 486
84 289
304 447
300 464
399 471
276 500
57 100
147 223
118 209
30 42
89 195
119 132
477 485
66 154
233 363
76 438
176 258
32 234
40 221
237 367
253 315
343 438
48 381
65 252
224 335
196 354
180 406
52 495
315 491
172 280
27 498
44 369
25 162
258 386
58 193
83 224
54 210
274 368
189 295
270 385
87 338
127 284
246 421
348 365
75 229
135 415
319 495
91 211
197 447
296 454
17 345
35 139
79 377
64 187
284 345
21 349
6 159
226 317
95 359
112 230
309 376
142 167
67 268
287 426
113 153
43 304
14 290
28 114
129 135
154 166
273 303
27 178
244 289
19 52
3 214
460 464
330 429
3 248
264 275
61 98
15 213
220 346
125 466
191 332
93 193
212 330
33 41
7 396
93 227
85 376
240 442
241 365
97 341
429 462
196 238
52 379
56 396
211 462
258 270
25 46
30 96
69 284
139 277
127 134
13 47
101 489
4 163
201 309
188 243
103 204
104 127
189 310
307 414
150 489
433 466
160 330
17 229
352 397
67 118
139 447
246 441
58 378
127 338
198 254
235 255
189 480
42 252
131 452
42 286
262 444
158 164
361 451
247 254
277 301
6 179
209 466
50 417
365 455
468 479
435 448
23 84
96 336
106 143
19 101
472 483
55 323
85 260
141 429
11 394
100 484
272 421
187 348
141 463
130 243
289 326
130 277
285 343
237 271
261 379
19 271
37 209
250 303
17 79
466 478
111 206
285 479
139 331
437 498
24 486
225 437
196 423
218 234
433 486
99 241
90 357
70 227
1 301
149 164
79 315
60 108
135 484
21 287
455 462
108 151
92 203
210 417
227 288
198 274
162 196
373 470
209 481
124 408
30 451
10 211
100 334
382 388
42 306
95 428
112 299
96 351
187 232
391 442
15 117
84 242
16 40
55 338
89 114
63 359
162 366
163 289
153 482
134 275
88 390
20 188
407 445
34 489
379 464
265 377
354 467
28 319
93 262
123 199
338 451
123 233
9 146
200 290
155 328
87 126
346 472
261 399
82 220
332 349
204 438
86 224
175 424
274 321
389 441
16 375
246 340
193 252
376 409
79 165
50 151
34 38
188 346
65 375
249 455
151 481
197 400
99 261
38 186
55 57
242 396
80 88
71 204
340 467
345 407
103 409
29 433
13 320
101 107
288 446
72 93
92 223
266 496
138 142
149 349
25 455
95 448
11 298
96 371
251 437
120 479
138 273
12 77
186 350
85 329
102 200
53 56
44 172
346 356
286 314
44 206
45 239
114 199
175 308
122 330
191 455
76 445
420 497
9 166
19 340
254 355
111 144
56 485
339 462
22 88
311 481
82 274
213 232
83 197
286 484
70 131
25 169
245 327
124 176
115 292
171 461
389 495
176 401
340 351
132 197
201 432
401 460
271 425
58 331
46 188
92 107
132 328
47 255
107 331
62 479
361 404
313 332
398 405
263 430
219 226
7 165
21 356
140 493
256 261
108 220
43 277
218 473
29 487
259 452
240 245
27 151
244 262
330 368
186 234
288 500
42 375
276 357
27 185
149 403
159 210
277 424
15 186
92 442
338 389
155 232
12 131
150 326
400 421
82 124
257 320
425 452
30 69
69 257
282 351
176 251
110 236
314 446
30 103
176 285
271 275
13 54
217 264
332 384
208 490
179 476
22 108
62 329
148 160
34 73
9 351
292 328
270 378
103 342
239 240
409 496
201 452
67 125
270 412
454 492
39 144
397 497
283 300
54 368
259 336
226 339
361 424
47 309
248 260
219 246
173 361
60 197
205 456
137 288
252 408
108 274
109 197
199 320
269 313
325 372
294 344
69 107
40 93
304 489
183 338
137 453
289 299
43 496
41 160
244 447
315 363
171 229
44 241
203 324
15 371
134 398
347 492
318 478
106 417
192 248
61 290
69 277
237 409
224 343
77 437
437 471
140 227
197 319
201 336
98 456
83 266
73 459
71 123
143 452
1 274
87 380
217 449
316 346
349 474
7 103
266 449
267 482
455 469
291 480
108 158
312 368
194 264
427 488
165 250
81 100
141 286
38 406
439 487
23 106
304 373
38 440
68 377
273 345
88 329
305 440
73 139
289 314
81 270
4 35
424 433
9 85
137 473
23 276
351 490
122 283
372 378
63 497
108 459
9 119
297 479
19 259
56 404
135 171
211 470
310 367
445 452
98 306
416 438
66 245
258 312
29 105
105 404
233 425
61 310
62 233
364 417
175 431
192 302
176 354
57 327
331 420
14 46
218 256
91 103
320 344
189 386
210 274
295 347
25 258
192 467
115 381
69 496
11 101
40 482
255 257
370 377
95 285
430 453
96 208
316 366
185 408
287 352
370 411
283 369
70 385
71 308
161 431
100 356
70 419
3 140
15 105
6 221
59 343
11 271
96 378
48 157
137 357
24 193
329 424
41 64
51 348
399 417
150 245
338 342
27 274
11 436
399 451
88 383
51 382
272 463
286 287
84 400
379 491
101 415
449 484
207 376
163 447
338 478
20 346
126 307
5 156
225 314
368 415
233 474
17 121
197 257
40 332
123 391
140 262
9 304
328 359
200 448
155 486
156 244
110 359
246 367
38 174
327 457
279 385
249 448
89 476
161 315
115 430
291 384
377 490
352 493
21 295
267 420
51 67
173 314
365 381
222 280
121 259
7 172
84 119
288 439
252 361
56 138
215 221
444 462
18 384
211 238
386 434
59 363
174 373
362 470
113 298
60 320
261 271
465 481
7 342
72 285
208 293
162 408
264 352
247 481
383 489
10 423
64 468
81 339
52 325
37 135
268 500
9 188
86 135
27 459
332 357
286 472
105 473
184 240
332 391
5 210
107 154
176 389
160 276
45 431
33 288
335 472
4 274
9 324
376 451
246 416
348 360
217 402
50 193
120 186
74 301
353 410
65 417
66 450
152 281
38 194
242 404
296 449
271 452
259 309
115 450
30 377
70 323
369 413
361 397
14 251
84 134
31 156
248 267
205 429
121 279
18 399
19 47
305 393
109 170
298 300
49 128
337 488
211 258
280 493
386 454
255 496
243 353
355 426
108 378
411 485
11 374
297 398
166 440
329 493
215 406
315 336
12 153
97 336
429 457
203 297
73 262
133 448
180 256
17 25
8 141
195 480
306 308
78 134
33 172
368 484
89 375
41 303
5 225
225 383
380 449
172 295
37 320
385 389
136 217
310 490
42 82
115 334
11 54
201 440
45 485
127 299
62 356
302 495
104 258
377 428
5 395
206 346
7 76
145 271
3 93
197 496
6 174
226 332
95 374
398 481
165 257
51 170
156 483
439 460
128 392
112 279
227 399
287 475
27 193
215 290
334 427
489 493
117 350
134 221
308 494
272 416
130 238
8 25
67 453
77 260
61 147
32 133
350 430
298 485
27 363
208 396
80 485
195 495
51 471
180 305
27 397
211 477
282 393
69 299
45 335
15 398
172 310
14 19
119 332
462 495
164 328
274 432
167 409
131 331
197 346
323 398
11 74
299 434
94 500
96 181
181 364
172 480
166 174
58 393
100 295
230 364
27 77
30 446
161 438
132 424
104 443
173 403
148 406
64 256
149 329
104 477
334 442
220 245
182 457
48 130
39 356
118 123
24 166
208 246
182 491
162 361
66 68
27 247
211 327
97 240
301 450
272 436
110 128
114 145
297 467
318 355
154 366
158 383
31 395
130 292
45 219
186 461
171 271
163 420
134 406
453 461
20 319
89 279
134 440
211 497
221 304
61 332
98 333
282 413
23 434
95 108
50 146
155 459
102 481
397 423
70 242
54 294
42 151
250 488
345 402
4 397
103 404
202 301
104 327
96 201
235 319
83 444
137 214
24 50
83 478
54 464
42 321
27 131
326 331
67 352
231 451
28 164
183 230
386 407
84 223
355 379
45 69
15 132
59 370
191 251
48 150
346 351
465 488
232 264
20 203
5 13
146 255
180 209
350 465
321 451
207 364
237 335
224 269
126 329
339 423
82 235
83 158
58 161
163 474
185 246
274 336
61 352
229 484
335 445
132 158
62 309
79 180
205 232
266 341
152 254
349 400
153 177
197 415
181 302
37 443
25 300
39 124
344 355
78 422
95 293
165 176
86 443
43 272
341 439
227 352
198 338
2 115
70 461
205 436
63 258
47 420
362 458
64 291
219 357
248 405
121 417
122 175
76 290
113 291
154 270
358 480
273 407
452 471
36 200
375 385
244 427
126 213
399 493
400 416
73 235
44 221
159 341
28 383
84 442
114 214
30 64
347 438
76 426
159 375
229 368
13 15
207 418
191 470
421 435
290 477
94 254
103 138
232 449
249 320
20 388
22 69
46 67
37 293
327 334
54 198
323 351
42 55
95 177
184 267
188 381
401 475
202 205
184 398
188 415
148 325
21 337
238 448
124 361
190 227
398 454
91 364
138 172
312 445
182 410
153 396
357 441
56 180
329 350
283 465
325 367
260 424
27 200
112 383
14 443
28 267
149 418
159 225
6 317
215 428
72 327
92 457
123 152
207 302
49 286
20 272
126 233
225 240
265 461
211 450
183 469
54 82
139 265
258 292
343 475
285 447
41 325
271 290
446 486
119 305
385 411
57 307
58 230
45 473
17 217
192 413
94 439
377 416
239 255
65 459
8 464
68 173
312 329
252 287
115 492
88 159
4 486
357 456
273 306
244 292
248 309
121 321
152 493
138 226
47 489
149 433
182 464
166 448
141 451
166 482
39 494
110 135
16 178
85 413
27 385
346 440
101 395
400 485
89 252
286 398
322 476
143 297
114 283
16 309
318 493
8 183
131 188
79 133
282 420
24 474
310 498
135 336
172 337
152 207
167 431
274 425
160 338
47 174
316 327
270 442
245 445
14 177
18 194
287 347
422 432
193 390
58 415
263 383
21 275
120 282
295 478
46 306
76 78
247 257
451 467
39 213
64 244
369 475
34 307
149 317
124 430
309 433
195 236
50 454
51 212
301 307
256 345
128 434
108 304
326 338
68 392
387 447
154 223
31 252
85 297
102 168
276 441
162 354
18 495
163 277
407 433
195 372
61 155
180 182
146 228
147 295
4 84
123 221
85 433
66 226
135 186
139 203
126 302
225 309
179 424
150 410
167 281
85 467
25 103
29 120
289 499
185 219
413 427
87 279
119 374
73 489
307 471
324 342
160 353
434 446
64 94
11 116
40 497
54 321
125 237
95 300
96 223
270 496
280 303
156 409
174 203
13 308
312 398
418 469
29 455
42 343
134 147
239 460
178 385
21 460
45 91
239 494
6 270
355 372
191 273
309 487
19 158
118 165
264 347
154 277
27 289
342 471
28 356
347 411
318 397
30 37
420 485
147 349
29 135
4 138
450 456
163 496
278 341
22 76
282 455
323 324
405 460
253 475
126 487
110 374
167 466
181 290
401 448
87 333
82 393
58 319
157 216
242 399
302 475
373 391
144 459
47 243
231 323
18 229
148 298
47 277
9 489
423 424
309 337
50 358
67 229
21 344
280 323
22 377
153 369
370 480
252 376
137 256
10 268
108 242
283 438
80 261
169 351
186 222
170 274
27 173
256 414
391 499
130 184
333 471
16 97
216 324
321 362
171 197
73 223
57 110
208 342
81 354
236 420
106 385
192 216
78 129
69 245
236 454
253 325
139 238
154 462
56 488
27 474
87 183
26 108
196 364
217 252
188 238
258 396
29 189
98 424
70 168
132 200
206 210
262 269
292 316
381 406
34 95
234 288
4 323
135 425
5 390
206 341
82 447
117 146
141 254
125 306
231 377
202 363
88 166
156 478
174 272
198 380
248 282
7 207
365 450
435 443
334 422
92 314
109 185
252 430
6 305
81 238
61 108
265 318
256 434
190 419
211 307
11 389
96 462
166 455
40 115
456 496
342 409
338 392
225 228
186 407
55 449
85 386
429 438
404 441
73 277
90 148
363 428
17 40
250 264
146 351
15 393
62 201
221 284
106 439
48 411
396 480
249 362
50 92
339 485
150 499
126 425
8 321
225 432
22 145
410 435
388 485
110 409
209 306
115 349
397 403
168 471
70 222
140 380
173 233
29 374
235 265
205 328
418 422
344 446
252 280
177 381
427 476
369 448
239 413
125 326
76 182
195 209
165 272
309 406
166 305
52 108
256 318
43 334
170 309
39 351
55 333
269 350
27 242
28 275
49 163
43 499
129 330
134 270
204 263
294 386
350 445
118 254
7 426
122 271
138 418
20 314
339 369
264 470
429 492
36 296
250 313
211 492
228 363
441 457
114 276
311 422
97 405
25 76
258 300
28 445
45 350
95 103
200 416
201 339
58 238
14 34
87 286
278 430
213 338
89 444
90 367
409 422
180 490
32 449
381 441
250 483
123 495
291 352
78 368
62 420
34 164
140 400
110 463
111 386
299 483
370 399
210 427
266 486
29 428
230 379
99 421
1 447
47 366
116 326
28 159
105 106
378 386
14 369
248 351
104 492
6 243
93 107
48 145
68 385
19 131
203 211
89 124
276 463
64 402
34 465
35 388
240 356
424 436
11 424
67 483
143 174
84 388
432 457
212 409
215 490
315 420
375 496
359 383
203 381
99 101
189 224
143 339
249 300
364 420
250 333
335 406
393 468
160 244
364 454
380 402
193 262
164 358
270 319
224 434
139 361
353 378
120 154
324 364
21 147
201 393
270 353
68 99
356 459
242 372
39 85
397 438
70 257
25 295
344 350
463 487
316 369
185 411
284 308
291 372
270 484
226 280
361 365
132 323
64 121
316 403
74 405
173 302
288 456
251 316
38 332
10 241
51 220
35 272
81 191
43 403
243 321
159 171
16 70
46 484
2 280
216 297
101 287
290 307
162 396
347 399
88 420
318 385
114 175
436 489
90 101
180 224
233 346
77 344
61 231
52 347
367 385
33 140
109 439
123 263
208 446
307 343
336 357
94 249
368 452
224 318
155 358
56 495
73 366
87 190
228 432
184 228
175 454
124 186
161 187
17 163
175 488
275 418
43 117
89 479
188 376
29 327
249 485
46 198
205 281
5 363
167 493
34 199
209 395
50 346
71 234
112 213
28 63
231 350
29 463
128 360
31 144
99 456
357 436
29 497
27 161
215 258
73 80
178 393
378 455
34 403
256 407
321 350
7 345
207 263
190 392
94 99
297 386
222 487
297 420
167 207
88 474
69 267
1 65
86 138
40 253
15 366
32 237
16 289
13 30
101 472
236 447
306 330
103 153
200 369
13 64
203 450
4 180
208 500
307 397
179 486
17 178
152 153
38 66
22 118
37 308
282 497
37 342
123 448
25 199
209 279
79 244
50 230
270 388
26 266
13 200
43 137
172 448
57 438
340 415
43 171
82 469
99 340
104 280
317 374
230 332
107 361
320 455
206 368
193 467
178 277
17 382
149 263
366 374
333 343
248 270
74 474
79 414
59 284
152 488
38 401
222 371
435 465
329 365
283 480
70 496
382 487
240 309
125 464
28 248
98 131
272 404
456 484
129 303
212 362
204 236
290 342
33 44
191 369
123 167
87 89
338 419
322 471
208 384
80 473
363 450
211 465
76 490
81 430
197 198
224 353
24 435
314 476
356 378
210 230
392 490
279 326
115 337
30 298
20 491
349 353
86 357
202 235
61 470
295 439
5 432
283 330
153 295
366 389
39 208
252 302
344 439
313 411
344 473
112 282
272 288
13 419
43 356
234 500
120 413
101 206
91 399
31 247
48 118
138 241
109 227
64 375
49 185
194 444
165 430
149 482
32 136
6 381
159 294
109 392
110 150
126 297
346 455
97 393
186 483
3 436
89 267
228 385
45 338
143 312
131 169
364 393
115 221
204 421
45 372
33 229
336 446
79 148
147 460
93 449
140 257
104 179
66 391
155 481
385 446
12 380
53 359
40 458
267 376
139 465
258 492
238 362
54 282
426 459
213 365
71 153
255 267
42 173
374 404
13 269
430 463
132 296
188 465
202 289
174 198
121 220
72 76
365 376
480 496
133 185
18 340
194 294
34 322
252 356
337 429
38 470
137 367
43 410
40 41
329 434
85 312
102 183
145 498
163 292
232 252
347 372
3 320
318 358
276 490
129 372
64 429
6 401
233 319
106 331
359 371
282 285
321 473
147 310
237 323
24 339
109 412
147 344
310 397
281 383
82 223
27 454
8 247
143 332
258 342
99 128
83 180
144 289
209 232
299 355
172 367
127 240
128 163
171 478
336 500
74 262
29 300
349 388
320 374
83 316
148 259
352 469
64 109
320 408
22 241
193 420
197 437
177 307
78 410
149 216
25 322
125 252
210 435
182 344
58 450
43 260
55 225
25 453
46 341
288 449
27 134
215 231
272 323
148 429
178 366
28 201
330 385
202 474
386 444
187 284
378 428
21 475
15 169
6 285
7 318
290 295
222 460
101 309
118 180
440 494
89 166
411 480
19 173
264 362
180 212
383 499
66 125
241 321
12 114
81 349
82 107
212 451
69 240
289 398
224 306
159 363
220 472
72 431
87 178
33 167
131 238
105 483
241 491
22 91
189 300
62 312
364 496
151 402
54 186
93 484
124 179
65 393
360 484
266 378
67 108
454 475
156 308
189 436
374 439
47 258
1 373
117 141
185 453
262 400
161 379
112 235
149 236
132 365
218 471
6 169
305 369
365 445
182 398
68 311
153 384
49 104
222 344
435 438
107 499
283 453
165 349
36 72
354 369
27 188
95 500
125 437
98 104
142 342
14 431
28 255
333 486
171 178
121 459
55 444
171 212
63 431
49 274
204 340
114 251
151 252
204 374
8 151
195 490
396 441
123 305
208 488
26 89
314 449
253 374
437 454
110 273
12 299
127 144
331 354
171 382
181 189
257 488
228 474
258 411
332 421
189 320
16 447
115 344
202 208
291 298
376 481
62 366
79 237
323 393
353 440
173 228
58 383
59 141
46 240
348 424
31 50
454 495
295 446
198 230
144 494
78 479
313 384
64 212
255 356
113 178
173 364
312 482
31 186
234 473
202 412
304 356
104 438
55 294
60 234
215 300
163 245
150 179
252 445
289 297
195 340
354 423
6 354
237 242
9 68
94 141
65 127
138 379
92 494
94 175
179 358
314 333
55 464
200 246
36 257
155 284
375 442
240 467
41 197
225 277
117 496
281 336
216 393
203 327
53 162
228 358
144 208
478 487
306 372
93 388
421 492
392 478
57 310
192 285
9 238
33 236
302 389
24 462
119 342
89 405
102 471
210 223
320 327
206 240
410 450
197 356
323 408
78 363
115 364
125 171
10 51
67 143
185 357
127 363
99 382
2 56
402 489
132 400
162 172
107 403
305 307
247 279
64 232
18 347
190 284
280 407
137 306
26 478
309 455
113 232
67 347
297 312
166 354
38 443
153 453
222 413
273 348
80 345
47 497
28 290
216 277
142 411
60 419
77 290
408 488
215 485
137 476
232 356
237 296
375 491
133 493
338 461
254 311
179 412
81 438
180 335
197 206
371 479
167 303
282 423
82 230
253 409
224 395
139 322
45 365
130 438
111 231
201 354
188 322
75 158
278 445
303 476
22 180
274 462
176 488
245 448
151 491
116 171
139 492
266 467
51 84
166 204
120 319
251 277
227 313
182 351
259 408
27 107
142 261
211 221
105 121
157 485
13 461
129 229
334 472
190 338
46 479
116 472
236 257
109 269
208 276
34 480
298 399
151 171
66 132
151 205
269 419
112 494
240 405
228 262
78 97
98 227
372 430
94 244
144 146
212 458
41 266
89 309
286 455
89 343
303 360
70 136
245 332
151 375
8 274
79 190
249 446
270 334
93 491
9 341
26 212
409 452
36 496
39 100
327 460
128 190
303 496
71 195
86 419
100 243
70 306
51 99
156 412
185 426
80 113
141 222
178 223
14 234
218 444
103 434
317 451
193 447
149 243
218 478
248 250
101 132
121 262
280 345
251 331
107 472
337 437
223 350
194 336
34 364
170 262
10 290
240 255
386 437
141 392
355 409
199 407
16 85
222 482
108 395
40 83
2 295
215 389
261 308
97 319
158 428
28 393
35 457
45 264
204 347
396 414
122 355
311 375
261 473
155 373
368 467
22 79
310 439
180 404
36 380
286 475
384 449
258 384
446 481
257 495
228 481
115 317
47 115
156 296
18 135
120 223
291 402
266 405
148 301
8 459
39 154
193 462
197 479
398 430
64 185
25 364
238 458
111 470
11 207
28 78
316 438
226 349
341 469
112 262
129 133
288 491
387 388
174 294
154 164
358 374
101 186
163 218
20 117
60 338
149 428
294 320
35 341
15 211
6 327
23 198
236 292
122 205
321 365
350 413
351 446
93 225
162 460
298 468
8 139
80 468
97 339
81 391
12 156
286 359
25 44
228 331
115 167
1 80
160 163
275 283
2 480
33 175
13 45
237 385
130 391
48 399
19 385
13 79
307 412
249 384
279 321
433 464
17 193
319 377
274 415
177 199
381 409
37 357
9 376
67 116
157 239
295 434
316 322
181 347
172 463
137 143
29 362
100 278
46 267
27 60
70 375
177 369
131 484
158 162
13 380
4 496
75 412
125 314
106 107
50 415
81 110
235 418
120 408
468 477
239 435
67 320
19 99
39 339
412 439
81 241
150 201
27 230
211 310
301 433
42 454
342 412
326 464
212 377
154 349
130 275
16 188
190 461
85 423
200 268
77 297
346 450
203 349
90 185
80 488
180 308
249 268
221 287
425 497
396 483
367 469
282 396
224 368
25 98
282 430
437 496
196 421
331 396
14 22
57 337
104 145
172 347
58 260
433 484
99 239
218 266
332 463
214 249
176 495
79 279
33 394
323 435
120 258
422 442
447 473
136 405
5 447
85 108
337 390
124 406
312 393
198 306
169 292
51 188
369 485
382 386
124 440
199 229
284 412
132 427
330 331
202 420
187 230
362 426
15 115
173 440
48 133
63 357
178 477
34 453
465 471
49 200
88 388
347 367
195 382
35 410
23 267
37 91
355 498
76 389
93 260
395 444
106 326
65 169
207 381
237 318
201 211
155 326
286 428
73 334
58 144
258 337
388 406
250 355
217 324
106 496
123 367
306 414
9 280
18 54
217 358
89 447
324 352
295 338
66 406
37 392
68 87
107 275
296 405
39 107
430 478
156 419
29 431
13 318
2 98
190 195
260 353
3 165
248 354
337 444
223 357
11 296
108 334
106 210
93 144
411 441
77 196
69 70
154 253
39 408
273 390
222 455
126 162
141 496
247 457
116 499
399 476
315 326
159 324
220 433
290 426
237 338
420 495
192 211
164 230
49 385
109 461
90 254
12 245
107 125
196 325
179 454
82 238
135 250
319 330
97 462
69 371
53 258
70 129
139 364
26 200
95 160
200 473
185 283
4 284
401 458
213 395
320 389
144 469
17 316
136 343
117 136
62 477
177 322
178 245
398 403
475 489
219 224
190 210
7 163
430 498
280 333
51 126
7 197
14 261
84 144
153 379
145 363
36 67
226 453
260 407
132 496
269 291
28 216
117 306
47 423
98 99
362 495
149 401
35 314
130 194
5 31
170 420
56 333
338 387
64 493
429 433
51 427
363 418
142 473
221 240
93 329
425 450
144 154
289 413
176 249
229 371
57 256
72 480
286 497
388 441
114 382
388 475
245 374
380 459
4 299
323 354
442 491
78 309
352 402
21 204
123 470
140 341
4 333
91 197
324 421
125 151
157 246
227 239
296 474
68 190
38 253
242 463
259 334
213 449
115 475
255 351
141 264
14 276
28 100
35 164
60 195
394 474
77 100
247 356
48 86
182 413
223 392
283 468
47 472
179 188
298 325
49 153
383 398
240 297
81 248
272 392
43 460
456 472
212 350
110 118
130 248
199 483
85 396
57 140
163 376
347 456
133 473
143 280
318 476
233 403
1 102
241 390
192 246
176 298
78 159
367 442
33 197
23 390
123 320
94 306
193 203
367 476
140 225
310 481
26 138
258 426
14 29
184 285
86 345
1 272
287 296
87 378
193 339
13 237
132 264
4 353
188 433
87 412
136 378
205 338
353 489
7 101
455 467
137 170
3 118
223 276
78 494
439 451
142 207
11 249
113 193
202 393
128 417
43 344
212 234
55 309
357 493
174 336
60 249
85 246
300 388
71 456
56 266
116 452
18 478
301 455
318 326
194 432
195 355
277 491
34 460
150 228
23 240
121 489
321 441
40 145
420 448
224 225
138 394
139 152
314 348
12 198
310 365
285 368
197 201
102 321
286 401
37 229
470 481
185 202
139 317
331 384
1 156
171 412
14 44
119 357
218 254
295 311
181 224
151 452
116 132
352 437
35 63
209 336
193 388
115 379
40 480
111 396
185 406
202 277
57 495
173 263
312 381
184 470
235 329
161 463
64 247
304 386
59 341
165 302
60 264
239 477
304 420
166 369
169 450
36 156
66 93
428 463
53 61
372 391
461 481
15 273
220 406
200 276
158 408
449 482
220 440
420 468
123 224
163 445
134 431
392 411
179 427
65 230
249 310
66 263
135 223
17 119
306 402
310 419
78 228
32 343
79 151
40 330
237 476
50 137
93 452
413 430
282 472
40 364
139 371
12 383
196 463
188 337
57 379
68 109
53 396
55 77
374 407
30 355
1 341
88 95
178 218
34 194
74 415
59 225
96 226
76 96
292 449
136 447
91 320
341 415
169 300
382 394
337 432
198 348
284 454
141 353
125 405
55 378
116 487
7 340
64 432
232 289
49 242
88 430
436 499
51 400
167 168
6 438
151 220
69 228
236 437
122 350
113 466
65 245
27 457
118 338
213 218
417 428
392 431
242 266
29 172
99 165
175 464
176 387
32 397
292 299
246 414
103 313
353 408
104 236
7 20
66 448
63 79
39 115
242 402
82 430
266 400
296 447
63 113
197 440
182 250
185 441
369 411
128 336
132 353
202 346
215 234
394 447
63 249
18 397
107 487
121 311
206 494
133 242
47 445
52 207
240 304
485 493
14 453
130 221
215 404
199 456
399 484
85 369
315 334
269 449
200 214
240 435
27 341
57 113
186 390
477 498
15 342
31 489
246 264
191 495
425 477
249 345
20 413
339 468
197 290
37 318
152 163
8 304
12 321
388 468
253 493
71 94
238 303
45 449
132 203
47 130
45 483
161 251
103 333
406 440
377 426
59 129
119 480
189 473
37 488
349 479
47 295
182 270
3 91
88 164
177 364
178 287
427 493
96 295
67 281
280 375
156 481
157 404
222 347
23 77
198 383
183 193
38 411
170 292
215 288
298 347
141 422
28 258
15 226
32 97
233 260
190 422
174 474
106 272
76 335
61 145
4 40
122 254
5 73
297 450
151 255
293 467
80 483
81 406
281 324
400 461
54 73
69 297
86 168
158 497
25 93
28 462
228 380
384 479
171 385
201 322
275 332
127 181
102 459
143 438
135 312
433 479
120 122
5 277
206 228
132 252
323 396
33 389
140 383
209 343
324 463
11 106
172 478
58 391
39 184
213 457
25 394
10 204
99 404
156 496
88 184
131 499
276 281
451 477
333 373
173 401
59 314
13 429
50 430
361 498
104 475
220 243
190 306
280 429
38 431
268 286
49 161
108 314
435 495
89 107
276 446
247 432
179 230
153 475
35 371
56 259
80 367
42 469
122 269
159 270
84 371
154 364
40 167
343 384
62 88
215 473
4 60
290 406
162 495
4 94
160 193
134 438
49 365
363 480
22 32
311 425
48 429
336 456
155 457
139 344
21 130
409 420
13 114
36 464
83 272
172 362
68 82
10 54
218 281
349 383
62 423
148 254
35 90
166 192
251 265
137 178
418 474
136 420
276 296
280 313
17 427
365 386
68 252
22 367
38 315
79 459
71 333
52 126
21 465
440 450
355 377
112 346
15 130
173 455
55 351
46 467
215 357
428 451
121 400
3 296
305 480
63 372
44 165
143 172
461 469
436 472
407 458
5 11
61 180
81 310
325 466
7 444
190 491
195 431
220 428
294 438
367 368
108 499
207 396
457 491
343 404
368 435
87 139
54 142
98 380
159 489
16 388
18 69
57 367
246 387
188 359
438 454
218 296
151 494
438 488
91 177
409 474
148 269
17 311
296 420
68 136
238 392
239 315
156 400
255 297
26 365
38 330
205 400
74 442
70 459
448 465
88 253
390 437
178 376
18 404
194 358
76 254
129 266
120 492
6 295
91 478
121 415
220 312
236 260
251 484
69 85
40 71
10 409
208 313
428 471
268 389
11 476
300 484
158 416
84 440
233 349
158 450
359 401
343 453
32 220
31 462
200 352
106 395
19 353
249 318
118 360
105 459
89 346
136 154
5 196
392 453
94 286
393 486
279 289
180 392
311 494
32 385
224 452
110 365
115 305
69 420
79 227
67 84
82 418
218 316
227 234
5 366
402 430
479 487
30 397
117 151
262 410
238 446
202 368
59 267
96 268
166 261
205 449
370 471
26 419
108 233
182 408
84 159
38 384
85 192
170 265
170 299
36 82
56 212
112 381
243 373
44 103
14 441
18 458
113 338
219 409
200 202
190 395
106 245
76 308
261 311
346 384
222 490
109 326
90 119
65 122
147 258
452 489
203 317
163 371
208 367
264 426
150 339
167 244
236 479
54 80
139 263
441 447
343 473
16 292
27 499
87 208
360 378
232 467
385 409
87 242
38 98
57 305
30 247
119 337
433 452
319 365
184 280
71 116
32 405
296 324
148 173
34 86
238 296
192 411
206 235
275 470
292 341
148 207
4 348
139 433
267 344
205 299
140 356
11 79
181 335
96 152
22 286
29 350
197 482
198 240
152 355
39 191
30 417
214 387
100 300
88 157
132 395
47 322
84 174
157 426
476 481
14 325
129 170
390 472
46 420
365 475
145 427
334 447
63 325
163 255
39 361
51 326
61 133
96 487
326 452
39 492
40 140
342 434
41 173
343 357
102 282
56 397
286 362
203 337
88 492
371 469
228 368
15 384
144 218
364 376
37 195
1 117
76 493
146 376
359 470
364 410
4 198
221 309
78 208
48 436
164 314
135 300
270 275
249 421
36 437
136 257
22 170
128 131
10 27
167 429
83 279
45 491
144 388
131 322
115 374
11 94
42 156
127 339
226 236
4 368
173 258
348 454
266 462
153 298
39 211
42 292
239 438
96 337
67 323
272 291
226 406
93 112
198 425
84 228
104 468
75 454
174 351
154 221
46 440
145 447
329 417
126 130
269 375
134 261
118 148
272 456
408 464
49 222
289 361
424 446
191 387
290 394
8 65
176 197
76 377
265 397
195 404
24 322
110 153
278 285
126 300
12 213
81 448
66 258
83 129
54 115
241 454
114 301
282 433
1 137
99 111
54 149
25 135
413 425
47 56
176 367
58 263
376 395
331 433
336 483
189 365
324 340
135 354
234 251
90 392
61 488
36 491
39 95
79 316
296 427
50 302
25 305
140 425
6 98
96 221
455 497
174 201
24 36
199 232
145 331
330 334
391 443
277 356
31 265
248 376
52 153
121 388
91 451
7 301
309 485
137 370
39 396
118 163
222 443
109 279
276 488
138 293
180 195
269 395
27 287
97 280
399 464
342 469
457 479
143 199
30 35
154 406
175 294
2 421
62 130
220 455
13 20
101 462
421 440
208 456
180 365
36 341
335 431
107 147
175 459
61 372
193 253
52 488
69 359
122 481
65 376
79 200
110 372
360 467
12 398
43 93
324 389
201 418
188 352
340 371
259 302
374 422
344 375
345 408
230 288
320 411
88 110
206 324
76 111
138 143
341 430
251 341
133 237
137 254
206 489
34 374
25 490
255 455
85 199
125 420
81 216
13 491
362 483
130 182
16 95
219 382
190 368
60 333
101 312
171 195
73 221
375 405
90 126
363 406
151 235
221 228
76 446
224 309
140 159
41 296
44 377
58 201
143 384
29 187
242 281
30 220
69 408
274 376
156 306
193 307
246 429
438 496
91 185
121 122
164 437
46 223
121 156
92 142
54 354
39 164
308 317
95 333
86 449
165 216
117 144
284 353
185 456
56 69
209 454
260 279
112 238
124 381
113 161
316 448
27 55
374 476
13 375
169 364
186 235
205 476
92 312
276 392
460 472
150 162
308 487
325 358
52 222
219 431
121 457
113 331
268 397
199 471
339 347
346 411
196 246
90 146
158 458
129 444
393 397
15 391
364 383
236 472
207 458
106 437
450 489
122 385
466 471
89 388
119 325
46 107
37 333
136 230
167 402
388 483
95 217
115 347
71 143
201 487
317 365
104 271
75 257
377 441
406 455
103 382
131 460
260 294
8 489
177 379
361 459
80 163
165 236
239 411
308 371
125 324
165 270
365 463
439 473
108 275
7 254
256 316
283 471
169 384
137 323
357 481
472 491
227 446
300 376
101 216
85 268
73 125
460 492
14 483
113 380
114 138
16 164
204 261
236 356
351 476
7 424
119 175
93 255
94 178
134 399
3 441
119 209
208 409
51 484
167 252
257 375
61 325
197 223
69 312
253 392
40 298
139 305
140 228
26 141
384 494
12 351
171 434
143 453
242 350
99 249
89 442
90 365
107 236
176 471
62 384
32 447
262 302
37 387
8 373
320 364
406 470
78 366
140 398
210 391
153 286
121 225
266 484
68 247
55 181
29 426
259 391
27 90
184 492
1 445
313 436
88 199
42 314
141 321
202 430
187 240
219 335
403 415
63 333
48 143
120 472
407 419
208 259
134 283
151 154
39 403
105 269
98 176
6 406
141 491
257 259
113 400
114 158
297 480
243 469
372 413
159 319
45 232
130 305
215 488
101 401
56 439
60 456
375 494
41 249
101 435
228 410
160 208
364 418
105 439
306 390
221 317
132 151
307 457
95 121
147 485
118 471
254 479
413 452
181 261
270 351
242 370
184 342
44 500
55 65
99 303
397 470
255 292
141 205
361 363
374 429
287 387
58 455
75 326
59 213
60 136
21 315
181 431
252 347
308 406
178 371
378 399
382 416
35 270
170 245
25 463
214 483
444 448
313 490
11 306
43 401
243 319
130 155
199 390
16 68
220 278
56 289
273 400
14 421
358 473
216 295
143 187
147 204
203 263
233 310
118 190
293 386
35 440
395 474
31 457
359 396
52 345
282 310
33 138
62 152
367 383
139 209
307 341
154 433
253 330
368 450
225 349
82 248
53 234
38 44
115 266
69 381
388 436
42 48
229 497
18 84
360 489
275 416
89 477
104 224
317 318
173 184
376 471
46 196
21 199
119 448
324 416
91 192
167 491
54 327
153 224
238 407
68 151
78 435
214 333
6 140
166 256
173 320
128 358
14 271
218 481
287 441
55 250
273 284
99 488
244 270
88 268
187 275
73 78
129 247
49 114
88 302
173 485
194 373
21 500
146 152
265 289
219 404
52 195
6 310
355 412
256 405
93 174
326 398
63 436
208 328
481 498
27 329
325 496
300 499
44 234
29 44
347 451
115 150
60 491
101 470
336 375
94 267
29 175
232 462
50 63
89 361
421 482
307 395
49 449
46 80
225 403
47 147
306 493
9 359
79 242
168 442
21 214
41 454
324 431
13 198
181 330
188 394
57 436
87 373
43 169
188 428
235 236
75 264
161 370
115 485
132 356
86 471
349 467
17 346
131 433
202 349
132 390
345 484
34 251
219 254
173 369
365 436
235 401
370 486
19 48
153 409
222 369
387 391
435 463
100 431
36 97
325 380
44 84
27 213
301 416
73 132
129 301
31 361
33 42
102 277
346 433
19 252
134 372
339 340
208 382
52 380
371 435
240 477
146 371
311 393
79 92
207 480
237 417
111 187
389 407
110 298
26 148
196 404
102 447
181 214
462 481
214 232
100 145
61 434
206 216
193 349
246 471
263 342
4 363
34 135
140 371
104 293
353 465
31 75
353 499
12 494
120 275
341 356
198 255
431 479
38 283
39 206
344 437
230 350
373 485
56 111
124 423
443 478
1 452
88 206
157 441
60 225
234 498
219 308
116 428
2 231
150 204
264 325
350 431
7 412
76 372
113 373
326 467
65 186
375 467
346 453
101 408
102 331
44 303
3 468
175 405
160 215
246 321
336 444
122 461
104 177
65 356
210 248
279 373
66 389
385 444
214 252
83 294
381 461
39 90
43 238
120 295
92 204
7 131
63 190
161 439
107 428
10 212
133 217
35 243
337 427
20 53
79 481
284 449
23 134
108 317
28 184
222 438
387 460
109 274
141 479
116 482
49 203
228 267
130 293
219 493
151 181
190 479
1 16
261 395
32 188
62 125
33 111
253 269
236 398
93 297
307 314
150 423
167 294
315 445
37 259
241 469
28 485
380 422
69 354
53 241
417 423
40 340
228 437
130 463
15 453
16 376
25 150
155 494
77 485
87 292
200 490
278 470
59 70
164 383
99 291
320 372
22 205
262 344
66 443
33 412
349 420
177 305
397 463
267 428
280 316
67 222
166 229
226 305
26 387
210 467
109 124
283 397
182 376
317 461
68 289
55 223
230 419
27 132
186 215
419 439
3 168
255 450
161 493
390 425
116 366
20 73
378 426
31 280
120 480
235 490
91 466
191 286
146 159
436 475
118 178
170 403
49 252
150 273
240 396
424 476
81 347
294 441
400 402
66 157
257 301
241 353
113 442
143 214
86 109
60 464
372 455
129 424
85 495
201 263
155 378
56 481
359 423
48 355
216 487
102 400
332 365
74 144
179 457
180 380
134 495
15 468
249 340
17 149
136 176
388 458
5 218
49 422
180 414
160 284
23 489
17 183
122 496
8 299
209 250
65 391
295 390
11 47
171 496
67 106
87 346
356 499
71 220
214 355
42 240
374 471
17 353
18 276
280 336
305 367
182 396
283 451
34 389
354 367
325 353
27 186
165 381
69 88
226 490
43 443
112 403
355 434
15 187
130 197
169 495
268 392
220 320
244 428
16 144
88 460
20 258
204 338
114 249
318 459
135 137
289 445
294 495
78 142
81 401
50 51
25 54
123 303
179 472
126 384
343 495
310 464
314 481
196 377
144 322
328 402
30 235
160 304
458 471
144 356
18 126
176 451
193 322
94 459
173 226
193 356
279 462
206 354
267 463
238 449
252 273
337 346
64 210
226 340
141 267
23 53
96 305
84 162
157 414
137 284
43 327
312 480
28 137
31 218
101 211
71 439
133 306
117 358
233 236
129 323
179 225
350 404
37 47
106 282
33 64
40 128
207 337
24 290
200 244
154 359
36 255
171 230
27 371
41 195
126 268
3 407
82 174
286 384
257 370
258 293
25 69
144 206
84 497
131 174
331 367
106 452
123 323
146 398
147 431
123 357
218 237
135 322
20 477
319 402
225 445
291 311
61 456
82 344
66 396
68 77
25 239
10 49
115 362
50 270
185 355
156 341
42 144
341 344
172 488
455 465
340 455
213 467
447 449
283 350
218 407
161 412
116 285
291 481
178 317
18 345
106 132
439 488
154 209
223 444
227 461
329 405
194 430
215 318
102 154
36 139
27 255
81 300
301 458
44 160
159 280
372 374
45 193
114 153
14 498
233 290
220 389
229 273
191 375
461 464
61 175
106 336
171 279
375 489
290 416
163 428
65 179
339 382
5 137
400 491
36 309
135 206
282 421
69 327
79 134
159 450
93 435
130 436
16 349
171 415
126 453
110 340
127 211
128 134
102 489
181 256
87 299
74 233
58 285
29 271
279 366
349 359
320 345
46 176
231 289
62 433
348 457
217 499
139 490
103 412
74 398
234 404
157 318
7 153
10 234
169 317
54 472
11 301
105 119
157 483
43 396
14 382
248 364
45 77
304 423
387 482
48 158
276 476
162 389
412 484
49 225
66 96
269 383
89 171
5 21
80 397
51 383
294 414
363 374
35 435
53 64
325 476
150 280
9 135
78 95
183 408
154 394
60 437
94 242
65 228
154 428
87 149
126 337
286 453
70 100
143 352
49 395
184 221
89 341
107 135
146 433
393 481
62 283
122 469
209 223
48 493
253 461
352 358
21 160
323 344
91 153
111 283
324 377
327 458
213 371
184 357
70 270
344 363
71 227
26 375
361 378
103 432
218 442
104 355
173 315
234 424
31 137
5 492
419 427
55 245
148 449
47 428
240 253
165 354
284 491
166 387
251 460
256 400
13 479
440 480
159 184
415 483
109 316
41 114
130 204
2 293
300 460
298 446
102 223
143 202
407 488
264 387
6 441
115 145
318 432
289 418
192 202
294 468
176 254
450 457
261 471
65 248
49 410
118 370
26 94
150 465
27 494
12 304
196 384
417 465
99 168
282 490
257 493
143 406
25 192
110 375
328 409
200 498
146 487
18 133
58 354
376 486
279 435
46 211
319 491
205 294
91 207
262 386
116 238
78 450
223 232
34 246
51 117
149 256
226 313
125 292
142 163
345 450
112 226
7 222
169 352
85 202
174 292
170 275
39 317
390 467
175 181
149 426
45 146
52 210
190 405
60 370
350 411
92 465
56 358
155 255
429 458
269 486
347 466
69 280
1 78
275 281
275 315
303 393
75 109
152 166
274 413
197 327
66 369
17 225
37 355
54 226
9 374
193 344
79 257
96 128
140 366
120 236
324 446
95 239
67 148
271 468
10 153
14 170
198 250
100 276
317 387
71 262
42 248
117 181
291 454
156 479
131 482
202 398
173 384
423 479
79 427
46 396
219 303
92 315
106 139
162 308
251 398
472 479
298 350
240 322
256 469
159 253
129 316
200 232
174 477
342 444
343 367
229 280
72 355
375 462
77 295
48 281
261 375
351 498
5 110
264 456
150 369
364 386
20 334
211 478
311 408
98 314
253 380
470 491
140 216
311 442
65 317
253 414
40 320
140 250
210 243
181 229
201 359
327 411
242 338
69 465
99 237
143 475
160 346
1 297
221 455
192 441
202 248
287 321
291 338
65 487
46 280
164 494
263 391
166 175
206 396
227 284
181 399
152 385
373 466
25 397
194 287
80 200
398 497
284 410
165 273
113 218
67 333
59 317
142 266
231 466
202 452
358 441
435 498
334 477
92 369
109 240
72 239
247 435
48 165
19 151
187 393
204 264
293 354
61 163
219 488
37 89
142 402
207 345
93 258
76 387
424 456
265 407
52 313
236 393
420 473
110 163
94 215
65 201
41 237
254 331
167 289
286 426
27 447
58 142
69 349
184 194
40 335
45 385
13 112
47 66
200 451
237 452
336 459
4 228
335 426
147 473
89 445
218 279
111 256
66 404
136 287
356 445
68 85
196 473
181 283
17 294
267 389
327 465
214 301
270 470
71 200
67 183
185 397
26 348
128 292
345 403
59 201
104 362
247 285
116 327
70 442
419 434
206 450
18 387
124 458
308 428
95 444
11 294
50 482
81 177
251 433
51 240
91 461
207 229
96 401
326 366
10 392
198 489
300 433
72 259
272 486
28 364
229 315
233 332
2 431
265 427
171 321
336 343
49 383
208 466
66 288
254 385
97 460
388 424
140 285
110 348
253 483
126 495
12 408
259 278
99 306
434 474
119 436
22 220
1 366
107 327
296 457
50 332
35 142
140 455
74 440
234 446
166 244
120 359
251 317
23 33
283 412
260 371
214 486
313 493
300 317
215 244
18 407
163 189
415 471
105 195
220 315
60 343
138 323
89 179
123 133
133 417
298 439
24 270
195 449
80 439
81 362
196 207
265 442
151 245
170 452
37 158
250 252
221 238
93 327
60 479
123 298
110 232
84 477
343 456
314 442
212 498
154 470
87 191
27 482
2 485
232 450
19 356
118 363
450 484
5 199
392 456
278 369
213 277
184 263
22 104
189 313
245 372
62 325
306 481
405 488
209 265
377 397
381 414
6 12
95 212
96 135
67 121
37 459
8 445
12 462
128 230
10 126
427 430
198 223
402 433
39 174
213 447
100 283
131 455
112 248
142 185
113 171
234 466
116 396
223 390
24 120
247 388
383 396
20 137
67 422
51 309
294 340
23 218
355 449
14 444
28 268
326 435
183 334
154 320
243 410
314 326
285 312
162 451
143 244
187 482
73 285
158 468
1 100
175 373
192 244
450 499
8 198
421 485
77 433
192 278
93 381
79 114
118 412
339 493
254 420
111 209
210 216
102 435
37 343
8 329
242 311
196 426
82 339
71 119
143 448
328 451
47 155
86 343
95 227
115 357
57 439
173 207
202 255
59 154
418 430
235 273
90 491
320 490
337 361
107 396
427 484
80 173
52 82
95 397
345 492
316 478
21 421
157 429
439 483
476 484
128 415
24 135
227 422
85 244
170 317
116 416
298 372
175 223
195 353
77 283
48 269
147 276
108 455
207 352
9 115
179 371
164 181
66 207
310 363
81 431
52 417
27 420
211 500
441 465
25 84
416 468
30 134
176 316
229 438
1 154
77 453
275 357
5 268
104 165
210 236
303 469
5 302
291 326
180 498
167 432
36 474
160 368
34 138
124 261
10 64
426 445
185 370
422 462
26 321
125 218
430 449
95 281
124 295
345 376
173 261
157 313
29 402
174 184
447 464
283 365
2 69
235 293
55 191
1 455
2 103
88 209
72 96
206 423
391 426
17 437
15 101
202 440
104 466
304 384
106 147
64 279
104 500
93 115
38 456
154 224
208 269
38 490
383 465
153 500
56 284
36 154
133 370
424 444
195 402
165 465
51 378
81 315
88 379
228 255
45 208
289 364
57 207
203 389
20 342
109 432
73 354
421 423
233 436
49 390
105 449
250 341
175 442
192 313
494 497
69 342
83 166
123 387
95 131
155 482
21 155
254 489
225 475
26 205
331 436
82 374
14 62
218 272
385 481
29 286
302 456
119 409
189 402
177 293
79 319
148 279
59 189
361 373
323 475
9 470
104 350
50 339
21 325
234 419
370 461
137 237
341 447
99 449
80 242
70 435
81 165
165 315
169 332
226 424
95 466
113 260
243 329
112 371
28 221
106 201
146 147
329 469
2 288
147 180
102 218
133 390
294 429
180 232
36 208
236 401
240 418
106 366
265 449
32 225
167 200
168 233
138 461
212 471
84 450
172 237
57 227
254 373
36 373
38 54
163 497
446 474
233 490
184 236
105 469
213 250
275 392
250 395
185 303
57 392
193 290
217 398
205 255
96 108
266 364
319 486
340 374
295 412
7 52
83 351
34 207
124 330
230 291
1 359
165 199
51 112
369 409
112 221
142 158
157 382
370 476
59 243
127 445
234 439
218 491
121 275
92 261
7 188
132 482
162 254
448 490
300 339
48 57
206 492
3 205
18 429
219 380
125 423
325 341
76 279
51 282
355 422
76 313
297 394
154 293
244 416
12 115
216 325
200 212
315 332
269 447
10 468
27 339
286 352
53 128
44 244
228 324
15 340
151 238
105 353
175 346
61 259
335 352
336 385
9 204
261 486
65 263
147 399
20 411
319 336
249 377
384 462
155 420
136 213
356 371
271 298
196 399
82 312
410 416
197 322
99 183
42 78
458 459
458 493
12 450
128 218
217 418
288 334
242 449
46 226
75 240
234 323
136 349
349 443
317 382
189 471
373 441
7 72
92 145
47 293
17 356
117 176
193 475
292 482
178 285
4 489
78 499
251 359
370 496
14 301
109 181
68 346
298 311
198 415
88 332
243 398
175 196
134 251
174 472
106 270
408 454
290 350
59 462
261 336
2 357
232 322
138 365
5 71
162 473
199 474
163 396
363 424
351 493
89 255
322 479
179 378
400 459
83 85
1 93
470 486
224 361
245 249
30 141
155 435
270 280
44 429
249 397
46 110
114 422
213 319
281 492
380 499
192 436
6 20
148 232
50 258
296 383
125 191
295 447
67 163
182 283
166 170
213 455
10 168
317 402
25 392
30 442
443 454
414 440
284 405
35 204
287 486
301 310
15 74
202 413
79 442
391 433
129 195
149 325
248 332
2 207
46 445
145 452
38 429
138 249
24 162
199 358
268 318
39 386
252 480
27 243
8 36
96 478
330 460
80 365
399 420
40 131
158 345
268 449
272 466
168 186
253 259
342 459
244 485
314 368
16 201
285 354
85 436
191 397
201 204
27 408
162 493
445 470
203 362
102 341
416 456
163 450
393 415
180 321
151 307
1 142
221 300
146 401
62 251
69 315
23 430
311 457
120 135
324 345
111 251
82 347
181 244
37 385
356 440
68 80
271 367
196 468
213 339
397 419
184 325
189 375
143 490
42 147
434 454
270 465
226 261
374 412
112 174
4 393
188 473
6 74
357 363
484 487
309 325
181 414
152 400
107 438
252 330
184 495
83 474
148 417
141 324
112 310
226 431
112 344
326 361
403 418
155 169
77 160
235 485
147 153
19 132
300 428
56 306
247 450
88 401
187 408
59 497
195 395
264 355
265 388
449 468
220 426
106 339
60 454
191 412
52 328
265 422
33 121
108 497
343 402
26 28
150 399
56 442
155 339
36 312
254 346
12 238
332 360
86 235
184 209
70 122
131 231
115 283
306 427
58 288
275 399
13 161
90 383
94 400
409 438
353 413
409 472
189 424
181 298
267 404
86 405
42 201
124 337
374 432
226 281
125 260
185 446
99 437
71 346
56 156
116 342
215 239
305 362
44 47
362 454
219 353
173 468
362 488
6 293
219 387
122 171
251 482
97 305
186 395
51 420
98 228
142 466
28 379
212 459
1 46
289 406
372 465
343 451
102 376
19 351
109 474
421 465
5 194
44 382
250 383
335 456
168 391
209 260
69 418
458 466
127 268
246 405
13 181
302 464
53 402
169 170
213 408
14 138
217 425
188 411
104 261
402 428
279 457
115 468
17 329
47 266
206 349
33 476
345 467
219 237
74 455
79 395
365 419
21 367
205 447
22 400
199 311
383 391
150 167
55 287
240 290
230 483
134 190
272 385
456 465
129 284
289 290
76 306
57 99
261 309
346 382
147 222
121 467
118 208
19 201
351 432
63 439
123 148
346 416
147 256
88 470
105 341
281 295
53 299
265 457
6 478
167 208
240 460
76 471
221 253
51 474
23 383
54 78
26 97
183 499
155 408
13 65
385 407
44 402
58 226
327 379
274 401
458 481
177 185
131 300
296 322
221 423
176 461
59 115
292 339
5 379
121 147
7 60
135 448
169 224
402 448
55 137
252 283
124 372
56 60
27 46
156 467
112 263
202 386
128 410
304 364
121 317
419 484
76 190
191 200
46 418
63 289
464 480
101 221
334 445
72 207
92 337
178 443
298 338
354 397
105 225
233 246
240 310
96 451
165 411
219 456
207 313
268 422
154 335
108 450
159 275
41 171
254 265
12 157
200 254
154 369
404 464
155 292
27 381
29 62
196 271
119 185
286 394
73 300
159 406
144 216
105 395
15 416
130 426
4 196
421 500
77 448
307 413
193 216
65 305
21 101
437 482
110 301
22 134
164 346
172 333
41 375
10 25
167 427
83 277
161 257
168 494
26 316
112 147
217 460
188 446
288 376
135 468
288 410
131 485
116 295
178 327
369 471
209 499
95 412
79 464
11 262
50 450
14 343
182 475
183 233
298 353
46 438
2 234
187 381
129 353
163 307
76 375
395 430
321 454
108 470
297 490
278 283
164 196
118 311
208 434
5 147
363 500
66 256
8 228
441 480
28 468
253 417
257 434
388 392
143 347
25 133
30 183
328 350
299 336
57 338
48 454
58 295
29 281
249 439
145 159
89 467
319 432
107 261
245 456
17 282
54 283
35 76
9 431
79 314
422 477
26 336
87 479
169 293
27 115
443 496
2 118
186 198
187 231
276 321
178 347
112 332
64 260
133 220
415 439
243 324
378 409
158 251
190 346
326 354
183 253
440 475
293 357
298 407
194 494
98 201
88 394
154 404
158 421
60 447
62 128
102 349
72 412
33 148
118 331
72 446
103 141
90 240
44 355
164 250
66 276
36 339
204 471
136 159
405 422
61 370
77 483
52 486
311 465
23 472
32 356
18 89
311 499
299 356
126 483
324 387
295 373
454 456
68 122
43 125
184 367
202 339
422 497
6 116
59 238
107 446
305 350
337 445
49 85
10 264
25 488
165 364
42 393
226 473
84 295
60 331
146 162
346 355
216 320
347 422
88 443
203 288
49 255
293 411
90 124
61 220
150 310
62 177
282 335
33 163
236 450
32 240
139 234
85 498
36 354
201 266
109 496
372 492
24 423
110 254
331 335
315 497
36 388
53 259
152 156
172 286
143 382
115 291
184 251
274 374
115 325
405 476
262 265
59 88
4 319
5 352
120 197
21 224
181 340
198 211
37 481
83 366
38 239
68 176
169 197
95 331
64 193
35 179
42 243
256 260
11 215
166 281
128 383
362 365
129 141
14 296
234 454
235 377
31 167
273 309
145 398
186 267
102 117
73 103
63 296
460 470
247 376
362 496
149 402
6 301
208 222
408 415
146 177
248 443
350 387
6 335
7 368
11 385
123 136
297 409
48 237
166 451
69 125
65 108
40 111
338 388
24 273
155 231
199 469
281 317
53 143
158 456
15 355
347 476
146 347
62 197
16 312
192 266
392 459
87 228
232 487
50 88
4 203
188 283
90 309
307 420
111 197
135 305
107 214
213 285
83 250
100 121
356 420
327 406
124 229
139 453
103 346
57 461
317 363
127 344
431 484
279 499
230 355
320 478
88 177
262 450
361 457
6 185
223 296
59 307
165 268
50 423
365 461
251 374
128 403
113 213
12 14
179 223
216 224
354 419
56 252
325 405
460 490
330 455
301 441
3 274
88 347
256 479
158 340
243 413
14 481
28 305
289 332
204 259
175 245
375 438
61 158
72 365
76 382
375 472
49 324
36 292
371 460
122 398
192 281
367 477
224 376
441 487
144 243
86 215
384 492
270 295
127 194
242 314
73 458
57 345
188 303
271 362
46 125
144 374
118 454
116 118
100 170
180 486
151 472
16 497
8 371
78 364
377 454
121 189
26 309
96 192
120 300
137 171
199 203
252 325
124 414
230 375
145 302
1 443
71 326
88 197
42 312
56 136
161 449
255 406
117 245
130 133
219 333
104 488
7 272
309 456
280 442
116 453
22 496
351 358
199 373
163 295
223 481
330 475
81 303
35 418
52 289
151 186
240 386
142 412
122 282
28 325
395 452
183 391
282 288
154 377
243 467
110 173
86 99
87 132
126 320
445 485
102 356
189 220
15 424
61 343
180 370
32 329
130 468
237 462
18 62
9 288
48 476
95 119
147 483
282 458
311 472
79 171
110 343
74 265
91 136
266 332
181 259
152 245
38 158
12 403
327 441
8 386
340 342
55 63
42 196
127 379
43 229
345 413
149 190
231 326
103 415
14 215
422 470
193 428
60 134
31 120
75 358
259 438
276 309
46 344
47 377
152 415
337 418
177 446
95 454
194 351
444 446
50 492
97 135
386 418
52 173
137 356
14 385
130 153
297 362
169 451
212 289
220 276
39 416
14 419
41 97
300 443
199 422
117 430
233 308
105 287
163 349
195 444
31 455
294 451
62 150
282 308
24 362
421 426
94 245
147 367
367 415
138 483
109 469
285 423
384 430
73 362
286 456
257 442
8 270
54 155
144 278
184 224
53 266
23 494
274 347
258 399
25 175
144 312
229 495
47 96
405 449
59 61
467 481
218 309
172 424
278 495
164 408
324 414
189 439
479 480
148 282
178 219
64 132
66 468
78 433
197 460
79 356
178 253
25 345
35 152
142 146
156 447
29 493
357 432
260 381
244 268
300 327
330 374
71 395
301 360
177 466
276 363
444 495
3 227
272 380
60 319
159 216
149 409
15 192
350 360
219 402
31 305
378 451
137 410
147 217
19 196
93 206
293 399
10 456
281 290
187 443
73 246
114 225
311 371
282 357
154 446
40 249
159 386
139 256
130 372
229 379
13 26
33 156
13 60
33 190
450 494
217 270
335 471
339 488
8 290
37 304
327 345
192 370
196 387
197 310
36 415
380 467
124 202
209 275
324 429
11 72
38 227
53 451
431 457
218 363
198 233
288 356
55 132
259 342
374 496
34 249
15 42
202 381
125 295
190 238
67 267
107 488
23 63
92 298
162 291
166 308
138 217
12 21
165 406
141 442
342 393
113 351
154 330
174 460
146 204
15 246
2 345
16 169
101 352
190 442
102 275
216 362
44 247
20 283
36 265
8 174
61 296
311 391
367 450
470 474
94 314
229 399
65 300
155 423
126 409
196 402
285 492
53 301
214 230
319 378
70 206
160 329
458 496
406 441
32 452
21 232
119 481
5 394
422 423
111 355
324 449
121 196
152 368
366 385
169 273
369 466
51 169
239 431
112 278
96 330
84 187
128 425
129 183
31 209
173 421
154 214
191 215
60 257
3 262
138 237
64 371
52 262
321 415
7 410
395 425
84 357
297 451
67 486
10 491
343 370
65 184
155 307
12 206
196 286
416 444
102 329
73 315
29 111
114 294
98 346
159 455
61 316
160 213
62 239
217 305
48 449
13 129
50 130
4 245
120 123
307 462
75 161
180 474
36 450
107 256
82 369
184 313
381 459
9 426
213 361
328 481
51 53
141 176
132 292
316 372
104 311
157 323
418 460
169 288
70 391
55 201
74 408
145 324
451 478
337 391
63 222
34 318
366 439
124 441
95 427
11 277
50 465
386 391
128 445
43 372
84 241
251 450
157 493
137 363
39 389
399 423
143 158
82 83
187 396
113 420
15 281
16 204
318 388
359 367
176 210
62 123
232 379
420 476
76 424
123 232
122 309
74 88
77 347
268 491
19 319
49 366
138 456
338 484
3 481
254 334
82 219
66 271
37 257
23 467
228 435
110 331
144 285
201 377
155 492
176 380
389 474
278 468
114 479
230 247
349 384
32 487
30 363
319 481
192 493
6 111
28 32
51 107
120 342
111 458
283 395
84 125
58 480
288 445
357 405
313 476
448 451
215 227
42 354
255 448
95 476
444 468
18 390
301 367
79 499
277 403
333 462
61 84
147 190
465 487
203 249
118 176
24 219
411 476
134 323
36 184
11 462
8 93
179 319
399 477
66 155
286 313
23 317
142 454
8 127
228 285
122 324
139 229
110 215
45 272
57 237
261 447
388 422
74 142
180 378
99 173
204 486
5 216
22 87
176 395
45 437
380 440
197 283
17 181
4 280
282 500
124 209
209 282
324 402
87 344
271 424
157 227
68 137
401 493
54 347
245 491
100 266
88 123
160 452
142 168
103 457
35 145
218 467
29 481
394 421
21 355
248 273
6 165
304 332
394 455
365 441
152 457
22 422
148 474
170 285
298 306
6 296
39 327
10 313
97 177
69 86
23 201
272 373
169 493
304 468
174 433
130 229
72 311
44 220
351 454
264 412
150 325
233 384
282 350
237 388
24 404
110 235
78 174
164 280
155 396
24 438
21 69
310 462
73 404
257 484
271 308
58 214
380 489
73 438
71 102
274 389
131 288
1 253
405 491
193 320
262 280
43 155
103 341
104 264
75 250
119 488
353 470
68 191
222 224
223 257
113 174
287 447
173 360
283 464
268 274
154 187
31 216
329 383
117 356
175 206
277 472
379 416
378 493
265 329
236 315
125 487
4 14
52 269
350 436
137 452
108 438
183 371
65 157
170 470
58 64
66 224
257 368
44 274
54 81
156 169
331 365
72 496
87 243
146 396
176 333
359 490
156 203
203 488
14 25
307 435
278 421
151 433
135 320
356 401
192 412
61 454
197 352
221 460
40 461
26 304
210 384
345 359
67 173
173 244
157 296
348 440
188 468
5 421
90 494
373 471
55 174
131 473
260 307
276 289
391 409
17 420
239 424
106 130
23 105
190 314
222 409
351 353
358 417
322 339
108 322
179 238
150 224
80 375
399 430
248 478
432 448
171 243
175 260
61 173
134 412
89 285
189 215
196 279
134 446
36 307
135 204
78 209
282 419
159 448
28 490
130 434
200 427
196 444
331 419
217 332
104 168
356 450
38 153
29 269
184 335
143 500
161 294
230 254
206 290
173 259
410 500
32 494
50 288
352 472
422 465
78 413
209 371
340 473
111 431
198 295
152 410
252 340
100 355
284 435
27 137
28 170
231 457
84 229
202 443
173 429
174 352
202 477
75 489
191 257
329 452
244 379
235 495
147 163
186 351
102 201
293 379
179 292
61 188
52 304
6 419
112 490
424 481
342 489
224 275
200 311
188 202
144 273
203 426
99 146
204 459
184 219
62 281
33 267
335 451
336 484
103 260
192 350
33 301
263 266
246 395
21 158
120 165
164 403
38 173
197 421
267 414
54 320
55 78
327 490
124 313
78 428
125 236
194 196
62 451
127 394
84 113
88 130
59 226
234 422
99 447
136 482
252 360
7 205
178 384
25 476
49 107
240 251
11 319
120 500
469 492
355 405
113 297
67 412
338 356
342 373
399 465
85 350
56 336
53 77
27 322
404 405
436 500
477 479
115 143
473 496
192 200
176 252
311 337
78 113
282 323
17 38
57 259
307 354
89 354
136 162
23 475
53 247
254 410
319 353
310 469
99 166
139 387
258 414
228 477
442 494
18 97
42 95
406 421
173 197
189 454
160 440
266 401
479 495
47 276
107 352
427 440
125 290
28 74
51 149
166 269
21 377
369 446
23 58
120 384
283 437
218 494
357 447
260 396
334 406
85 234
145 420
18 432
134 200
301 409
64 351
130 217
350 375
321 361
204 227
191 326
174 455
378 500
32 112
137 425
236 322
208 341
49 292
66 163
20 278
5 88
170 477
151 270
286 355
240 470
25 40
311 386
359 429
45 314
15 377
185 190
261 489
360 386
203 461
302 358
44 412
36 396
388 498
281 475
296 332
17 223
33 336
238 304
10 20
6 37
324 444
65 465
11 87
67 146
287 304
227 262
31 39
317 385
39 199
56 70
10 185
230 343
344 430
116 256
117 179
291 452
160 494
127 463
64 201
18 316
304 340
423 477
361 479
60 218
178 322
15 91
334 421
220 224
106 137
63 299
365 483
166 323
38 412
162 340
34 429
298 348
272 415
187 342
122 250
342 408
84 352
229 244
59 465
158 362
224 228
244 468
45 198
229 278
121 497
420 422
72 353
73 276
172 173
44 262
118 272
20 298
15 392
180 304
364 384
250 297
81 441
52 427
168 305
376 383
139 325
254 445
12 337
111 234
295 314
201 357
83 253
38 126
258 449
39 49
327 409
184 308
132 253
156 361
188 456
87 435
67 166
31 88
455 456
121 211
82 500
283 341
53 486
152 383
38 296
206 428
439 474
141 307
142 264
212 257
85 269
75 462
191 230
334 475
186 324
92 367
322 332
162 360
48 163
116 475
147 170
49 196
351 380
195 378
15 276
265 371
207 343
113 386
61 195
48 294
69 182
24 330
139 175
372 399
135 192
172 193
346 466
29 92
285 391
197 224
201 241
257 410
241 462
25 109
114 309
416 493
303 329
274 315
171 435
77 478
146 438
50 145
21 131
336 491
74 253
278 463
295 334
249 449
153 156
22 198
409 455
68 83
8 408
238 373
9 441
328 496
184 362
96 195
141 191
95 306
459 488
86 422
99 420
418 475
276 297
31 142
70 440
101 135
177 434
148 420
308 426
95 442
59 364
96 365
106 172
378 419
223 353
91 459
220 293
142 284
309 493
138 301
170 396
42 485
11 457
80 417
98 211
82 98
45 233
432 490
318 403
265 425
72 422
237 334
392 400
163 468
20 401
339 456
196 355
82 268
323 330
328 380
184 246
270 352
42 68
331 461
246 388
201 426
57 402
75 196
377 380
30 344
89 497
463 486
136 305
119 434
55 100
344 383
107 325
291 405
361 398
120 323
365 402
63 252
109 171
215 242
284 477
72 141
56 193
112 362
88 288
105 159
69 81
273 401
248 404
31 327
346 365
321 368
203 264
351 415
3 346
293 387
199 430
232 312
19 218
138 355
3 380
150 320
167 191
53 104
98 265
115 136
16 273
13 48
446 465
417 451
356 376
46 66
249 353
332 412
184 261
175 487
61 400
245 370
380 455
352 364
8 312
123 432
192 392
94 418
275 451
79 228
410 426
123 466
9 379
26 250
6 10
266 389
67 119
38 215
327 498
267 456
39 172
230 316
194 238
86 457
80 151
185 464
284 361
374 484
226 333
112 246
142 183
3 99
157 407
292 492
174 278
362 375
31 177
448 481
2 163
101 170
75 415
163 202
47 468
298 321
6 311
325 366
195 331
294 338
51 307
23 216
243 374
241 250
93 209
67 454
68 487
244 441
215 427
199 479
229 251
29 45
3 400
118 245
371 450
6 481
204 385
306 329
192 242
176 294
311 379
52 400
246 287
23 386
450 497
311 413
466 479
135 281
437 465
384 487
181 200
254 452
69 436
267 340
124 239
115 355
231 233
62 377
26 299
246 457
14 156
201 495
218 366
287 326
348 435
108 118
182 293
251 253
68 206
136 408
152 356
223 272
194 258
79 413
52 80
112 266
67 304
369 488
21 419
255 401
251 384
84 209
169 392
38 434
55 305
12 24
71 452
55 339
141 445
276 420
407 412
272 437
146 207
16 172
24 303
9 113
249 252
27 384
264 476
51 492
179 403
167 260
441 463
30 132
245 274
144 253
30 166
200 422
119 387
303 467
409 428
61 469
197 367
153 163
124 259
79 297
64 107
111 392
295 472
270 475
287 346
251 268
29 400
312 377
31 81
218 420
418 448
38 318
58 448
174 216
184 500
70 413
3 134
305 318
178 330
277 337
129 186
15 99
6 215
45 70
120 446
239 473
333 430
7 282
122 127
63 341
280 452
48 151
10 363
329 418
66 89
211 348
8 61
97 261
330 485
23 285
158 370
372 387
248 493
432 463
311 312
183 401
1 2
60 430
372 421
139 197
215 496
186 482
200 306
171 292
172 215
48 321
65 192
90 223
74 110
150 409
393 440
131 202
37 245
339 429
221 325
335 412
494 495
23 455
253 420
123 385
192 345
328 353
40 360
253 454
120 160
127 224
331 434
266 342
104 183
356 465
68 105
242 378
53 392
55 73
488 490
344 356
259 283
30 351
79 317
148 277
178 214
104 348
263 431
31 130
418 497
222 274
107 429
235 340
7 166
120 330
181 439
152 425
137 235
260 376
142 272
11 314
132 465
415 442
88 261
157 496
187 268
158 254
142 306
256 393
159 177
130 163
391 478
174 401
358 481
145 497
31 300
44 188
134 311
187 433
61 203
142 442
424 496
76 427
236 433
33 146
207 419
93 332
343 427
111 126
200 326
85 481
97 446
101 463
82 256
188 217
172 269
144 288
98 403
134 481
388 444
303 371
275 390
62 296
33 282
57 390
4 302
217 396
467 491
89 485
74 295
7 16
67 92
353 438
120 214
209 401
95 314
80 124
185 437
165 197
71 240
239 372
374 457
125 285
96 271
87 497
202 342
128 366
31 150
219 247
74 465
92 259
259 468
136 497
70 482
72 163
149 385
34 375
134 195
125 421
280 487
121 438
76 311
93 182
138 343
10 432
342 388
208 336
215 400
216 323
186 386
170 438
10 466
429 451
167 213
113 477
130 348
236 453
450 470
290 498
392 442
278 355
126 370
339 464
392 476
462 469
66 328
36 391
433 455
281 470
417 478
25 205
110 388
100 138
156 307
217 416
231 240
188 402
287 299
58 367
55 108
279 448
135 424
70 332
317 380
90 462
7 70
279 482
47 291
349 475
308 318
64 196
103 494
248 276
95 368
21 392
234 486
52 87
23 73
312 466
199 302
298 309
252 424
357 462
170 288
24 140
208 220
80 309
412 430
72 183
269 329
226 491
73 106
112 404
18 447
330 438
174 436
18 481
174 470
77 254
244 463
350 424
89 219
94 159
9 86
65 145
147 281
39 500
118 267
225 261
170 492
66 212
151 285
269 499
122 381
8 184
25 55
425 488
9 217
143 269
207 488
144 226
155 433
58 217
19 396
203 476
104 136
184 303
303 440
410 434
262 283
32 462
296 381
34 143
201 488
135 473
270 448
153 267
137 154
39 180
266 465
53 481
25 390
55 162
184 473
161 432
132 418
64 216
287 484
88 214
262 487
158 207
129 193
121 342
190 302
220 239
334 470
178 468
34 444
35 367
6 353
122 265
97 268
9 101
432 436
183 374
31 389
16 199
4 56
191 395
19 280
257 405
74 83
221 298
175 413
61 326
15 441
393 447
23 428
37 252
8 238
307 438
270 298
120 133
197 355
155 487
157 168
39 64
82 379
303 460
54 288
124 281
47 195
116 155
17 258
291 351
47 229
422 453
145 300
251 261
5 458
107 402
266 485
181 412
251 295
222 281
109 117
64 265
256 332
125 374
214 464
309 454
166 353
272 314
13 445
75 477
260 480
300 426
101 266
403 450
42 480
461 465
117 413
32 162
66 116
6 407
318 398
1 24
424 469
176 220
350 493
282 291
236 406
168 204
109 418
179 411
85 454
368 431
339 417
26 60
102 359
52 457
58 155
114 324
328 341
184 207
115 247
15 461
185 274
405 432
62 303
349 394
116 170
107 286
324 397
409 470
47 244
125 224
313 321
255 293
26 361
152 413
128 339
75 361
39 283
390 433
362 452
248 365
337 455
15 141
308 441
64 319
15 175
91 474
190 371
7 324
191 294
440 466
280 494
251 480
268 351
338 344
63 417
411 486
212 326
325 477
196 200
88 419
315 337
52 341
167 186
159 335
84 436
187 460
204 331
146 303
2 444
229 362
314 435
102 374
58 170
163 483
49 396
188 239
150 451
319 341
8 273
175 482
221 367
221 401
94 413
86 287
50 209
253 496
224 482
40 402
128 189
210 325
217 389
181 311
401 469
14 102
43 150
184 392
5 362
279 455
145 238
86 452
78 436
475 500
374 479
161 385
132 371
34 232
238 442
202 364
248 249
79 393
60 186
91 358
128 359
256 270
152 467
166 291
366 484
38 380
108 263
70 475
199 309
186 243
36 78
256 401
269 302
117 317
84 286
272 383
141 425
243 369
84 320
59 433
106 241
261 307
321 383
7 378
375 428
346 414
261 341
48 247
88 468
293 436
225 234
61 279
122 388
285 441
126 392
271 284
360 374
314 489
12 305
229 416
171 388
73 414
152 181
392 469
384 482
258 417
327 377
279 305
213 290
70 189
388 486
177 183
161 235
16 453
61 449
32 435
275 466
381 427
188 424
111 338
26 265
121 145
63 117
235 266
53 454
83 391
402 446
431 460
283 309
3 80
42 268
26 430
11 240
28 111
174 293
128 408
129 166
248 303
333 376
390 468
31 226
186 292
138 220
92 335
208 213
354 395
11 376
165 409
81 259
190 440
122 238
207 311
28 281
326 448
9 74
325 415
84 340
154 333
155 256
343 353
85 407
269 487
87 88
346 434
196 269
400 479
257 378
28 446
143 291
163 421
364 372
151 278
359 466
275 316
4 194
336 425
49 465
136 219
104 158
91 92
151 443
152 201
136 253
12 359
242 324
209 327
98 499
246 472
188 444
202 268
317 388
447 457
288 408
366 388
133 164
262 475
178 325
25 417
252 335
248 318
309 427
50 448
378 387
11 260
255 416
43 355
243 273
24 148
170 364
133 334
130 274
219 474
105 277
76 373
351 499
293 471
232 396
49 349
119 232
150 404
384 386
83 125
27 433
25 97
9 293
200 437
270 320
246 356
172 380
99 272
5 315
66 424
148 238
17 280
47 217
8 396
33 393
192 476
262 359
51 56
35 108
209 381
9 463
125 231
76 87
181 400
365 370
128 312
152 420
169 291
38 333
56 127
344 487
230 400
46 320
1 468
70 428
71 351
42 337
187 229
13 433
178 345
330 364
97 140
248 372
297 338
162 363
222 439
121 418
351 383
207 249
24 202
108 352
35 409
325 450
165 478
399 460
98 199
53 72
461 492
114 181
60 445
129 405
224 285
343 422
62 126
220 451
384 401
103 105
315 475
5 165
90 238
393 455
49 403
105 462
221 340
306 413
150 458
52 484
151 381
33 277
380 423
34 35
4 263
442 455
50 182
467 486
110 368
331 449
181 284
67 87
327 466
128 196
25 316
430 477
320 407
291 393
47 271
74 460
423 452
365 424
162 247
166 264
68 290
366 457
22 405
280 351
152 440
24 86
148 457
34 370
226 437
95 479
294 306
51 275
158 269
159 192
15 168
84 293
268 373
403 458
186 381
92 424
56 346
232 300
351 437
20 239
322 423
158 434
90 122
150 308
204 353
241 354
48 351
168 246
224 305
307 364
200 341
50 66
41 292
343 476
314 462
196 358
285 448
167 344
44 373
114 366
69 404
1 202
189 299
144 337
16 426
299 403
185 316
103 324
279 443
2 15
78 458
313 363
140 490
239 387
96 286
231 371
370 489
173 377
387 394
259 483
235 409
390 475
63 294
362 494
35 313
337 497
88 325
149 434
81 232
45 154
52 218
32 88
355 435
326 421
48 235
40 109
138 358
24 271
123 168
63 459
155 263
240 446
41 176
254 270
215 449
114 250
289 446
158 488
175 359
40 274
86 159
331 348
217 261
237 391
103 174
65 276
437 453
291 292
196 412
197 335
83 248
54 234
9 382
124 227
115 343
86 329
40 444
168 465
454 489
82 456
217 431
82 490
31 49
119 491
132 379
107 382
231 420
333 364
219 277
165 266
120 414
108 271
92 323
227 408
182 446
84 197
268 277
22 474
251 406
109 228
24 155
85 264
72 198
354 417
56 250
141 433
260 460
150 207
301 439
130 247
212 383
114 134
60 398
375 436
236 352
186 450
191 390
58 96
163 409
346 456
164 167
81 417
37 213
254 324
211 486
192 279
79 115
28 473
140 224
144 241
270 293
155 448
225 441
200 444
53 326
242 346
433 490
320 326
1 305
107 266
96 190
140 428
5 453
71 324
11 282
215 314
106 167
116 451
48 139
89 118
354 437
165 451
412 499
34 493
28 323
98 206
268 462
268 496
201 217
58 116
12 231
232 389
346 476
147 316
102 354
53 210
143 333
393 428
364 414
332 353
393 462
16 379
246 344
48 474
120 148
438 445
266 330
201 387
296 411
54 303
71 174
10 99
11 132
43 227
103 413
7 154
162 220
136 465
133 206
105 115
153 370
10 269
308 436
11 302
309 469
280 455
415 430
301 343
226 444
355 388
326 374
130 151
338 339
42 495
290 301
286 318
247 497
363 375
432 500
105 319
61 225
31 453
19 310
33 134
24 360
48 358
65 229
118 351
155 352
254 359
26 75
196 331
52 472
27 475
8 268
228 426
143 353
213 236
69 377
83 201
40 363
143 387
229 493
30 223
299 376
86 282
185 289
405 447
62 318
128 184
302 457
135 392
145 199
116 185
295 398
62 449
63 97
66 466
296 431
167 487
291 415
262 401
178 251
165 185
6 136
11 186
84 116
157 368
273 280
260 379
100 407
334 389
42 379
47 429
133 260
18 415
202 495
3 225
272 378
64 334
265 285
219 400
236 271
220 323
411 467
207 291
65 113
211 405
88 434
142 479
282 355
146 318
314 450
147 385
101 500
450 492
102 423
302 341
208 494
279 300
164 290
20 431
22 112
151 423
323 360
328 410
67 95
26 260
270 416
271 449
157 252
189 457
160 443
344 413
374 460
144 495
131 429
349 463
71 277
33 489
18 299
103 482
304 323
67 265
251 345
219 284
121 310
152 482
166 306
138 215
300 345
100 427
264 267
34 412
354 390
20 145
211 289
42 433
45 147
183 342
200 213
289 303
60 371
2 343
33 38
121 480
77 276
19 248
452 500
208 378
5 91
163 416
133 479
134 402
131 143
17 56
76 484
77 407
62 217
367 448
23 396
79 88
123 326
94 312
314 470
65 298
139 308
188 274
87 253
44 415
271 333
75 110
228 495
462 477
10 18
143 422
99 218
332 442
100 141
258 466
143 456
86 351
287 302
176 474
148 218
21 230
406 473
65 468
292 386
279 485
60 85
5 426
235 281
91 257
295 467
82 483
366 383
133 159
344 433
169 271
56 107
256 300
443 474
27 93
43 350
60 221
273 315
15 94
16 17
183 226
55 315
191 213
46 431
260 448
464 493
235 451
88 333
92 350
47 498
408 455
264 321
207 326
268 435
138 400
420 454
372 382
123 210
93 273
208 393
183 396
200 267
216 414
119 198
54 106
58 123
445 490
416 476
69 330
175 401
160 211
245 284
15 429
33 223
246 317
48 447
376 386
50 128
120 121
324 331
180 472
152 216
78 350
17 275
182 187
78 384
95 255
96 178
67 164
71 181
345 384
231 297
59 182
99 403
2 77
5 446
121 214
46 315
276 280
30 477
116 308
451 476
117 231
136 438
17 445
247 300
132 455
252 350
6 225
223 336
125 362
11 275
309 442
106 155
51 221
22 482
157 457
108 313
93 123
280 462
182 488
84 239
68 401
199 393
330 495
243 453
159 303
129 366
233 313
190 475
379 495
61 198
76 422
9 143
48 331
278 296
19 317
134 437
203 397
368 419
20 350
254 332
208 447
197 227
66 269
23 431
250 349
221 335
311 458
82 251
238 240
144 283
9 308
490 493
130 493
42 51
360 458
13 147
87 322
75 179
1 313
70 273
320 368
274 483
136 288
107 274
144 448
319 479
349 416
291 388
62 456
148 287
50 313
267 424
238 410
255 281
74 421
422 490
125 246
398 416
165 192
80 119
120 340
22 366
226 301
92 249
317 457
68 285
54 495
85 190
42 352
170 263
50 483
248 387
32 34
15 163
101 269
334 493
261 275
91 496
293 370
66 119
155 209
27 298
325 465
298 454
265 423
240 426
93 308
69 234
1 32
9 192
56 477
232 431
147 358
82 266
417 434
315 490
102 396
392 437
45 401
99 171
303 381
107 158
161 203
132 189
271 422
29 314
10 141
230 299
95 324
398 431
132 359
6 129
58 493
193 468
317 472
4 482
21 353
103 489
235 370
74 475
423 467
75 398
305 363
280 366
17 480
194 357
162 296
149 395
163 219
247 369
10 311
67 403
255 500
108 382
386 492
130 227
300 483
102 246
73 266
144 182
16 271
66 173
8 145
175 354
61 267
32 253
282 348
425 483
367 455
147 407
339 474
41 307
281 446
285 463
102 416
380 453
384 470
83 209
258 405
303 401
54 229
25 215
458 467
131 286
47 136
270 404
292 325
43 153
302 499
202 236
287 309
172 464
29 363
205 317
320 437
5 399
235 254
189 479
22 304
177 370
178 293
80 154
267 493
209 465
226 336
181 484
287 445
108 266
312 476
183 199
75 418
68 354
259 498
55 288
260 421
329 381
56 211
2 200
472 482
101 207
71 435
145 411
489 497
27 231
145 445
133 302
204 218
121 468
190 428
355 450
7 381
2 365
350 434
420 427
122 260
93 246
208 366
150 338
286 380
37 208
84 493
183 500
359 454
331 363
77 434
331 397
203 486
218 233
5 249
65 325
324 338
206 234
61 452
197 350
167 413
65 456
50 266
40 459
41 492
157 260
95 262
65 490
172 484
156 371
137 164
214 386
218 403
188 466
317 410
75 302
85 109
131 471
145 295
214 420
443 462
31 98
71 319
451 483
15 82
59 320
394 488
121 352
91 415
93 96
358 415
66 72
240 345
11 413
81 296
399 428
272 440
129 339
84 377
229 269
16 175
289 345
146 244
110 166
237 290
172 198
65 175
249 255
233 417
89 283
368 392
109 413
20 323
478 496
363 486
66 242
105 430
368 426
135 202
310 398
32 322
367 490
52 452
224 389
437 483
95 112
328 336
139 350
111 259
13 120
217 330
201 382
53 341
87 295
104 166
36 470
327 434
30 300
184 333
99 260
332 484
46 172
259 266
17 268
319 452
185 400
32 492
263 380
149 183
34 173
287 378
422 463
263 414
447 494
340 471
91 299
25 420
55 192
56 115
223 324
83 482
165 296
313 447
70 416
124 461
142 255
14 378
45 73
130 146
173 461
403 426
329 450
7 319
149 484
147 195
134 294
105 280
64 445
179 290
354 486
112 488
122 295
367 374
168 214
253 287
342 487
123 252
56 450
41 260
216 456
416 484
3 472
119 240
188 200
315 463
163 478
388 427
389 460
47 89
306 435
192 348
405 442
48 489
118 482
34 57
467 474
323 340
140 293
104 215
278 488
38 171
271 395
82 409
54 318
38 205
242 415
144 441
230 272
397 481
125 234
71 223
51 93
161 346
13 305
28 52
84 111
46 357
247 308
186 233
206 473
305 370
178 382
132 497
251 456
137 369
321 339
142 309
211 269
297 375
244 397
186 369
102 219
276 492
53 75
286 299
44 225
144 155
151 219
16 244
318 428
204 341
77 353
48 339
62 163
392 425
396 442
118 366
41 280
12 266
107 146
380 426
151 384
310 467
82 293
40 378
54 202
274 360
86 297
156 290
110 405
360 500
157 213
103 312
242 430
119 459
22 243
409 500
121 140
92 126
344 408
132 347
148 329
80 127
50 355
165 200
313 351
11 201
165 234
251 340
317 499
27 170
382 476
419 477
85 232
186 253
301 407
178 436
175 177
342 386
294 314
35 335
243 379
404 418
121 475
207 306
109 332
293 412
94 142
9 69
5 52
56 354
66 161
89 236
90 159
310 317
180 282
315 367
269 482
53 129
37 181
298 496
28 407
115 161
168 283
84 500
156 174
261 487
12 315
99 179
417 476
421 493
179 495
75 105
89 406
22 127
281 473
66 365
221 431
413 498
79 253
299 411
103 361
209 322
125 172
164 470
201 471
270 431
68 177
127 330
108 123
10 149
14 166
99 383
86 482
116 254
304 338
157 432
272 277
234 489
120 402
334 419
220 222
365 481
464 488
116 419
222 380
24 143
276 425
247 411
134 247
240 318
141 455
40 112
142 378
159 249
112 441
114 122
137 472
108 458
129 346
45 196
12 165
56 403
171 248
48 277
29 70
102 322
250 295
175 396
18 28
192 301
77 456
19 428
12 335
225 429
281 488
302 376
87 268
327 407
43 64
332 457
303 443
160 342
16 483
145 152
17 241
62 402
345 379
188 454
29 405
349 493
205 359
108 143
92 195
480 485
68 231
262 485
313 420
369 479
52 105
56 122
26 460
141 305
112 291
414 475
67 329
287 487
227 445
28 175
428 430
399 416
102 172
56 287
301 476
233 274
105 253
118 154
293 350
51 352
122 268
379 490
449 483
4 88
297 498
56 423
338 477
135 190
254 327
241 426
85 471
82 212
36 327
53 198
83 135
73 328
371 495
97 436
114 307
99 117
303 327
189 240
176 339
245 299
146 402
364 436
33 238
200 447
171 433
156 243
376 401
62 286
19 448
48 462
14 65
91 122
249 447
36 463
438 467
225 483
91 156
22 196
61 494
324 380
63 65
152 265
356 475
39 101
284 290
459 486
95 304
157 336
377 494
227 329
55 214
230 410
186 206
63 235
366 452
337 438
96 363
236 239
207 225
411 435
138 299
179 278
51 367
241 310
12 103
82 96
44 198
289 387
61 213
31 441
207 395
307 325
163 466
134 452
65 251
254 381
8 256
107 153
281 426
122 487
139 358
42 66
331 459
217 372
181 294
103 285
57 400
242 403
198 199
169 185
288 322
160 411
259 308
132 320
193 429
361 396
165 173
149 225
59 246
194 221
157 356
341 436
181 464
283 408
194 352
100 395
256 384
325 344
44 48
125 426
28 210
330 394
301 380
59 382
13 497
248 402
130 188
15 178
212 324
220 311
351 413
207 279
452 468
138 353
338 381
5 59
265 438
52 344
207 444
258 269
130 358
84 473
126 375
331 343
446 463
73 397
74 155
271 301
327 360
446 497
105 492
417 483
136 187
204 499
119 316
146 471
245 368
33 307
23 500
323 348
238 275
103 300
377 393
59 96
246 435
33 341
140 335
9 377
125 145
266 387
92 148
7 75
68 184
373 415
242 457
344 401
194 236
156 448
141 258
202 367
120 375
74 490
91 361
334 392
106 108
47 432
419 499
148 487
163 234
298 319
354 378
211 277
294 336
207 294
9 57
338 396
2 331
102 261
57 134
346 417
215 459
29 43
261 344
203 316
82 165
196 252
400 462
129 450
264 425
15 363
144 197
347 484
233 397
204 383
76 472
363 466
265 492
237 401
106 443
232 495
154 486
118 408
21 82
437 463
26 132
111 205
279 337
213 293
82 335
274 402
42 101
168 475
161 272
132 258
4 347
60 73
31 59
373 464
288 391
398 466
35 207
239 417
226 351
166 309
127 488
256 322
13 401
226 385
24 131
7 260
75 433
145 426
198 438
186 295
269 354
145 460
117 369
330 463
301 449
272 435
16 170
290 373
294 390
351 482
122 275
4 61
109 374
9 111
133 482
180 290
49 332
5 128
12 192
371 468
27 416
470 475
8 209
28 449
25 80
241 433
15 417
130 427
200 420
57 319
58 242
12 357
19 421
246 339
73 466
188 311
249 420
46 133
99 255
319 413
438 440
107 242
409 426
349 350
291 322
177 235
62 390
61 467
17 263
267 358
18 186
221 473
153 161
6 43
193 382
124 257
397 427
178 192
168 495
352 465
139 481
26 317
210 397
299 487
181 383
430 445
43 222
170 197
357 371
260 320
284 428
391 422
112 313
178 328
243 271
49 51
239 437
202 436
219 307
129 218
31 244
16 54
182 476
10 361
269 374
260 490
27 266
211 346
12 76
42 490
112 483
159 291
461 475
114 164
69 202
187 416
139 195
229 318
200 304
420 462
4 81
65 190
119 235
274 301
393 438
49 386
364 424
135 217
250 337
204 452
146 424
78 222
52 467
282 432
17 147
65 355
79 179
21 151
120 158
152 253
161 307
230 267
18 206
287 359
291 376
78 392
6 97
76 90
309 314
334 345
365 407
39 259
308 412
177 454
109 142
355 364
51 258
301 353
158 252
227 487
130 161
190 347
387 493
191 270
77 183
261 263
57 87
44 186
48 203
134 309
203 269
318 389
204 302
150 291
180 228
350 484
325 487
106 362
146 308
253 302
237 354
372 439
84 446
9 180
285 397
56 465
57 223
258 373
97 478
242 260
417 456
61 371
62 294
192 363
32 391
19 490
148 159
119 420
205 251
46 202
63 73
135 402
90 440
7 48
182 244
10 129
115 442
184 402
96 235
165 195
78 441
140 473
209 433
345 441
31 148
235 358
104 400
186 214
72 127
46 372
70 480
107 481
117 288
44 70
47 439
105 179
106 212
11 332
149 417
326 404
166 432
68 458
40 92
155 212
126 198
80 423
199 450
268 410
10 464
27 335
281 298
98 251
196 225
186 418
53 124
143 247
318 443
233 370
175 342
191 489
188 230
49 421
20 407
21 55
74 177
150 476
49 455
249 373
20 441
279 310
82 308
168 414
352 384
139 400
71 88
125 133
214 223
328 420
41 460
340 385
217 414
14 127
377 420
344 389
218 371
235 242
92 141
63 127
47 289
206 372
3 85
88 158
33 499
148 344
34 257
231 403
124 380
308 350
394 456
312 464
198 377
312 498
199 334
390 478
36 103
47 459
98 135
178 451
404 433
60 381
290 346
106 266
48 238
265 349
137 438
215 447
7 403
24 274
5 67
65 143
155 266
338 423
5 101
195 487
81 400
151 283
122 379
8 182
144 190
126 417
156 189
127 175
213 281
38 119
278 407
46 106
144 355
20 461
303 438
189 351
245 410
410 432
33 349
352 404
192 432
262 315
410 466
74 362
65 478
67 159
12 500
7 117
227 275
267 496
68 226
55 160
259 370
223 292
95 381
99 398
214 408
70 384
100 321
369 474
262 451
26 455
13 389
28 136
117 226
273 325
277 342
2 237
89 101
149 452
269 347
330 456
51 347
354 454
256 480
268 445
69 175
224 241
404 487
87 113
41 228
315 431
90 194
264 467
45 342
144 239
49 359
105 418
17 86
134 432
131 173
61 324
16 362
8 236
126 437
110 324
196 430
295 327
155 485
37 381
385 450
356 436
8 367
39 62
184 321
100 171
70 234
143 486
160 357
115 395
86 381
11 115
274 478
488 495
161 314
178 185
246 497
217 483
132 300
13 273
6 70
193 409
75 305
135 491
447 482
251 259
2 87
74 416
116 284
63 196
266 483
80 211
52 120
105 132
309 452
226 427
13 443
128 453
142 277
93 133
104 489
183 256
403 414
75 475
170 355
55 379
72 250
42 478
170 389
305 474
298 410
133 359
147 183
436 466
289 348
59 493
195 391
379 471
289 382
60 450
175 295
176 218
48 307
395 453
321 477
486 499
4 103
123 240
343 398
74 96
150 395
126 321
41 248
81 469
150 429
281 387
257 457
238 250
131 227
328 373
41 413
376 416
275 395
19 463
43 94
331 454
33 287
50 158
401 447
90 379
44 494
249 462
145 182
89 490
120 185
291 364
296 414
381 487
34 176
153 203
47 242
124 299
165 168
149 220
64 147
9 488
124 333
95 319
28 40
84 99
166 235
173 299
152 411
38 324
87 468
24 57
312 417
283 403
54 471
357 413
27 138
177 447
187 254
64 283
105 152
20 79
308 439
64 317
321 327
93 153
251 478
7 356
122 201
208 307
37 115
399 485
81 353
88 417
82 111
286 321
158 410
168 217
113 448
175 315
372 461
31 456
129 430
2 442
200 346
72 435
201 269
290 469
172 255
13 41
331 338
72 469
237 381
49 428
37 285
22 95
98 394
282 474
23 495
37 319
8 305
94 411
270 365
156 278
360 488
218 310
38 208
39 131
128 221
99 317
189 440
373 410
55 113
131 412
291 418
262 404
34 230
287 435
6 139
308 323
75 374
79 391
136 483
19 27
7 206
166 289
38 378
227 398
51 266
52 189
11 354
272 381
23 209
142 346
355 440
45 130
183 325
220 326
244 434
261 305
232 291
85 385
92 449
290 353
375 426
20 264
204 344
5 74
264 420
81 373
265 453
371 414
37 169
204 378
241 379
310 339
23 379
168 271
84 488
384 446
57 265
339 484
87 202
140 214
285 473
171 386
188 257
271 316
258 415
242 302
184 274
71 110
185 341
202 212
206 229
193 328
275 464
262 288
148 201
224 500
188 422
21 213
6 23
21 247
454 499
308 338
95 354
27 42
185 477
25 395
42 266
439 440
113 182
287 455
173 368
59 281
128 406
14 319
394 483
365 469
244 318
215 304
162 326
44 112
35 338
150 183
354 393
175 214
106 288
155 254
14 489
57 149
196 267
416 425
203 331
5 94
28 444
189 208
106 458
78 202
79 125
164 308
118 423
135 294
123 363
74 219
210 227
250 448
37 354
78 333
82 350
410 454
98 497
1 281
100 178
127 333
26 312
74 355
55 148
348 448
104 326
75 312
131 481
17 394
308 358
451 493
133 196
252 333
239 432
6 208
394 498
280 411
21 432
128 426
109 219
198 419
212 243
10 356
24 180
41 51
412 470
85 289
240 355
330 478
301 464
318 335
342 443
113 401
134 289
114 159
105 275
404 475
261 374
166 494
290 422
89 293
5 143
180 339
315 424
23 414
53 186
54 109
257 396
196 321
83 157
140 249
144 266
172 344
41 386
19 436
73 481
218 263
279 372
145 155
107 257
176 492
262 323
323 466
140 419
210 412
96 215
181 398
280 295
58 427
340 481
68 234
83 458
182 355
382 383
199 226
68 268
29 447
259 412
230 398
27 111
414 478
17 448
11 307
277 384
31 259
190 342
92 368
46 483
63 354
276 448
31 293
48 164
265 275
2 279
121 416
305 462
89 143
170 382
354 462
56 295
10 410
81 326
298 437
11 477
93 291
396 398
311 325
183 414
154 400
168 224
372 434
24 365
58 141
286 459
44 351
249 319
233 481
204 467
176 376
131 249
33 275
250 386
66 306
306 445
50 180
21 166
140 303
324 383
11 26
66 437
356 478
58 311
25 314
160 399
42 185
459 489
131 385
434 492
284 327
160 433
161 356
178 227
132 342
14 238
149 213
103 438
173 321
60 157
234 430
31 143
190 226
288 475
251 335
223 354
20 67
386 441
272 354
187 281
43 422
40 53
469 500
15 166
55 387
31 313
130 210
247 488
432 491
204 317
64 475
151 229
20 271
220 464
395 495
294 474
48 349
139 230
314 426
164 261
21 50
82 269
201 296
143 378
144 301
73 419
303 384
47 119
86 307
146 493
13 199
4 315
119 435
218 332
123 452
94 438
90 421
173 205
59 118
29 346
135 417
324 437
206 333
82 439
148 305
54 348
209 414
223 238
80 137
64 189
124 375
111 474
27 49
112 232
316 442
230 467
244 291
247 372
47 454
162 299
20 121
378 474
129 302
264 277
35 345
304 498
236 296
63 423
236 330
326 453
56 364
155 261
338 418
3 386
257 349
416 432
233 385
187 500
86 157
204 371
275 287
314 475
246 273
229 402
72 477
306 349
188 245
275 321
104 129
164 315
281 483
53 309
34 102
221 441
270 441
127 340
29 366
128 263
374 485
230 351
131 488
148 359
247 256
132 411
35 195
106 111
50 419
120 412
256 310
472 485
141 431
460 486
80 356
88 343
248 459
212 381
347 356
190 431
174 483
76 344
379 451
314 359
16 192
76 378
49 320
339 361
179 389
81 415
135 185
17 81
453 482
241 421
98 320
371 490
54 116
470 497
159 429
258 326
94 337
229 422
111 208
285 481
171 394
139 333
225 439
385 445
38 134
143 447
29 250
279 345
176 465
61 455
46 155
161 275
160 352
17 251
206 271
32 475
33 398
4 384
64 93
74 377
104 314
263 397
235 306
107 395
128 283
295 492
108 153
431 500
152 391
402 486
252 321
10 213
213 500
27 84
231 438
244 326
173 444
220 252
60 280
244 360
251 424
19 123
3 285
7 302
407 413
162 368
64 394
133 354
49 204
407 447
179 273
219 494
151 182
37 95
212 401
183 387
159 313
56 433
57 191
290 415
29 100
101 429
286 432
363 489
114 317
105 433
233 454
189 250
237 458
123 371
205 219
307 485
5 301
164 384
172 371
107 279
327 437
68 125
242 398
114 487
30 337
86 396
185 403
369 373
270 476
156 389
13 288
132 315
202 308
348 490
227 339
99 428
120 316
55 224
276 305
17 436
337 414
109 130
47 407
105 147
309 467
80 260
67 359
21 474
120 481
256 379
243 313
142 292
112 355
222 459
138 309
300 439
12 79
347 391
272 492
5 20
347 425
16 227
115 124
395 468
359 390
176 233
146 296
147 329
19 308
138 445
65 227
164 234
5 185
310 416
107 129
196 329
180 381
167 315
286 452
8 266
242 248
380 443
388 430
258 395
115 294
200 477
1 207
275 410
12 414
29 285
302 455
218 305
57 410
104 218
292 315
230 270
409 483
245 494
83 335
178 215
88 126
262 399
50 338
34 225
112 205
67 243
198 345
54 486
259 454
230 440
330 370
71 391
88 262
72 149
276 359
141 384
132 500
116 387
18 413
187 303
362 499
16 111
355 406
7 337
378 481
77 220
48 206
92 444
411 499
93 202
64 463
65 111
268 398
68 480
20 259
211 403
81 368
180 265
269 465
286 336
371 409
211 437
143 235
113 463
311 367
31 471
33 186
332 386
15 489
249 361
45 460
245 378
66 348
150 498
192 400
124 198
79 236
50 222
91 201
271 447
99 332
83 384
198 229
25 356
349 461
117 160
160 475
42 261
33 487
132 384
18 297
304 321
104 403
79 406
292 500
46 375
31 185
15 72
35 202
75 423
92 294
76 181
22 445
252 410
109 199
383 402
325 374
125 456
12 17
378 496
272 396
112 424
28 274
268 413
403 498
41 162
130 252
191 361
73 257
57 144
58 67
147 267
20 279
158 474
179 362
143 284
363 442
49 327
6 489
133 477
17 54
250 278
37 184
77 405
98 293
62 215
79 86
122 401
282 407
185 191
156 177
126 405
339 499
13 76
384 495
181 208
356 404
98 458
274 412
42 111
132 234
231 241
287 300
291 317
376 500
32 448
406 437
33 371
193 377
65 466
59 160
348 443
234 356
7 105
82 481
296 498
152 364
133 157
238 470
153 287
206 409
80 179
71 295
81 102
443 472
142 211
476 490
112 308
14 334
297 311
174 340
260 446
2 225
19 96
276 428
178 454
44 127
133 327
117 379
149 474
61 142
146 215
15 257
151 155
33 51
219 467
122 251
207 324
23 278
207 358
297 481
314 352
85 420
57 164
371 478
286 405
44 297
134 420
416 474
233 427
105 406
98 342
189 223
159 451
200 430
217 301
61 346
147 452
33 255
89 424
279 367
266 301
20 498
192 435
66 417
385 472
64 81
68 98
152 248
125 190
71 179
140 414
141 172
459 469
26 327
210 407
185 410
57 499
202 281
270 483
43 232
169 284
131 496
443 487
47 346
161 467
149 324
248 331
219 317
79 475
96 346
165 306
120 454
22 480
220 274
106 187
297 331
68 399
38 462
154 230
227 482
244 353
102 175
301 479
102 209
243 451
45 214
432 471
57 179
146 269
62 119
2 410
33 105
191 430
307 308
261 423
232 409
138 452
155 323
20 348
339 403
90 231
81 457
180 354
52 443
339 437
192 319
23 463
168 355
209 224
16 370
26 177
155 488
130 491
157 169
110 361
246 369
43 82
200 484
331 442
401 435
58 306
356 473
145 170
349 380
5 328
320 366
70 271
288 305
373 378
30 359
349 414
262 372
377 492
4 426
234 391
120 304
226 265
292 453
394 397
205 411
91 324
341 419
54 459
260 350
95 438
283 425
215 223
199 275
51 234
85 188
124 486
226 430
325 327
112 343
415 450
97 153
105 140
272 349
158 262
128 490
149 378
277 399
174 409
191 280
46 498
77 193
350 363
118 172
7 344
94 98
264 354
247 483
180 204
35 422
66 117
6 408
269 404
179 315
363 395
6 442
371 382
241 347
396 413
123 277
140 148
343 435
28 397
111 134
154 449
261 443
203 449
90 285
146 454
275 398
34 48
306 460
238 258
405 467
376 453
19 500
253 482
224 468
238 292
94 433
91 174
74 303
295 384
66 452
266 370
37 438
67 100
38 196
153 206
152 283
426 486
82 434
10 105
313 322
402 412
271 454
68 167
144 466
30 379
184 412
214 349
88 119
345 451
193 466
173 336
128 374
31 158
235 368
101 151
153 376
133 246
109 172
247 367
34 383
163 217
150 151
6 292
10 309
20 116
69 82
272 369
142 334
159 205
14 423
268 386
485 497
273 436
159 239
244 422
329 495
404 428
117 468
72 341
264 408
17 27
195 482
31 493
78 136
265 475
147 371
23 367
191 499
261 492
278 363
21 65
89 377
310 458
37 322
310 492
225 419
197 328
11 56
62 358
157 238
43 151
14 137
231 248
188 410
18 154
103 337
279 456
263 343
349 449
120 242
205 315
107 341
206 348
197 464
22 302
107 375
223 253
83 411
369 435
238 477
141 261
181 482
67 285
52 95
108 264
268 270
472 480
145 409
31 212
116 395
2 198
330 412
260 453
89 96
158 331
195 332
81 245
350 398
265 325
32 101
355 448
175 236
67 455
61 149
350 432
147 255
33 58
7 413
326 468
216 385
52 396
37 206
44 270
115 186
69 301
1 99
86 172
159 424
156 165
41 354
147 425
102 463
104 144
319 396
167 411
177 218
148 204
296 355
267 341
192 442
209 313
10 43
270 422
185 349
67 135
141 145
14 191
198 271
235 272
70 360
75 300
344 453
260 303
31 96
443 460
320 489
262 461
13 399
64 224
468 496
439 482
68 372
108 318
329 399
12 25
412 458
170 350
56 263
10 378
126 146
88 358
52 280
14 492
347 371
16 173
272 472
243 458
372 402
146 242
45 221
31 397
321 438
285 360
237 288
48 302
133 485
65 173
163 422
89 281
339 376
179 404
278 301
453 497
335 393
221 306
106 461
146 407
32 320
50 114
224 387
21 100
48 467
65 338
328 334
270 306
254 468
225 454
229 471
82 353
213 345
90 374
44 489
406 479
292 392
79 298
263 378
35 94
9 449
59 202
96 203
348 485
455 479
210 434
312 378
198 291
39 242
341 426
223 322
252 336
96 368
88 242
158 235
43 390
128 463
104 499
183 266
145 478
244 375
215 361
101 274
305 484
293 341
19 172
49 219
203 252
89 165
204 285
264 361
61 184
66 124
321 453
151 197
190 495
76 408
93 279
9 129
94 202
212 416
52 334
321 487
93 313
229 321
285 380
254 352
339 425
216 454
83 160
87 177
257 433
30 182
332 366
393 475
360 444
161 174
45 406
217 343
18 73
78 259
48 487
246 391
89 466
234 248
123 420
74 276
324 371
91 147
181 270
7 31
25 302
10 112
30 352
185 418
13 303
96 252
86 445
1 372
174 232
60 145
103 460
74 446
190 214
259 449
117 271
107 464
121 288
391 474
44 53
149 366
337 463
96 388
195 285
95 499
142 307
106 229
326 387
84 279
212 300
338 352
126 181
300 454
216 304
170 419
