500 12500
97 311
15 319
114 216
130 363
32 224
191 472
109 480
208 487
180 396
126 385
38 53
97 481
40 376
130 499
161 194
127 274
218 320
57 425
373 386
279 429
348 389
317 361
160 436
344 406
279 463
144 488
145 246
284 335
234 433
309 366
67 258
121 303
108 237
26 423
68 325
382 474
101 178
71 406
390 461
36 86
73 87
230 489
354 383
97 195
20 109
187 318
158 304
14 445
146 161
273 458
60 364
222 494
121 473
138 344
237 241
123 154
9 67
203 321
118 248
5 84
294 477
258 260
282 368
25 70
144 207
29 184
232 471
332 401
303 387
90 293
104 117
75 103
279 313
20 444
90 327
160 320
32 409
65 427
50 237
34 124
234 317
103 359
124 247
324 440
152 325
296 493
156 473
161 413
18 312
248 277
35 183
202 392
15 53
157 430
262 468
277 325
305 403
76 196
133 288
49 138
63 329
293 294
178 449
199 337
264 280
105 231
11 384
97 215
51 330
52 253
11 418
24 306
216 373
56 401
261 369
58 82
20 328
396 475
62 230
282 388
37 233
106 468
123 339
193 222
78 212
164 318
126 420
225 427
26 157
36 441
66 378
271 346
12 367
242 332
296 377
401 415
189 354
144 392
16 481
95 248
30 305
231 256
270 444
316 329
275 494
141 167
103 379
94 495
173 262
5 439
341 365
108 141
451 469
137 189
262 483
71 310
25 425
141 303
414 473
97 99
226 410
169 415
387 449
31 254
435 492
85 299
305 457
403 431
63 349
27 271
18 497
347 359
301 474
118 152
35 402
256 483
220 405
289 365
191 391
190 468
395 436
67 497
32 177
236 387
110 157
268 482
150 378
338 475
12 217
285 387
52 438
36 325
371 493
27 441
86 214
303 325
1 141
189 238
32 313
47 60
200 445
18 46
270 328
171 431
127 227
157 164
50 141
89 439
353 358
119 410
353 392
320 361
205 241
324 378
266 350
131 375
25 275
422 449
284 288
21 292
255 274
110 492
111 415
156 411
157 334
218 443
169 299
419 428
149 339
231 475
165 321
64 300
50 476
191 275
268 332
351 391
371 377
44 196
114 189
1 25
220 459
207 393
7 475
103 113
29 137
232 424
105 436
103 147
364 449
20 397
105 470
136 165
135 242
50 156
258 383
50 190
210 306
302 443
53 381
172 408
55 62
128 204
13 194
99 300
188 390
5 343
184 373
70 286
42 195
173 297
475 481
59 210
64 150
323 496
238 423
292 468
235 363
7 189
83 488
496 500
199 256
100 393
313 487
226 445
211 255
231 495
44 80
248 400
59 414
251 481
118 187
452 466
118 221
338 379
81 356
61 226
265 436
37 152
207 408
93 321
123 258
78 131
396 428
367 414
98 261
122 369
139 240
123 292
93 355
109 468
26 76
183 478
172 258
97 469
203 430
392 450
258 398
75 76
144 311
86 283
70 170
61 396
245 366
16 434
221 402
18 115
192 388
193 311
262 271
79 224
148 184
5 358
164 441
340 395
227 231
63 132
181 346
169 203
313 371
70 340
3 61
141 256
345 466
67 280
128 389
448 477
205 446
334 390
300 360
101 200
138 201
3 226
47 464
162 309
383 390
150 166
269 303
20 131
105 204
325 362
80 317
112 412
9 55
297 415
186 409
400 426
171 219
273 485
119 164
53 149
286 373
130 371
114 258
6 477
151 259
221 252
61 280
130 405
32 266
2 494
33 189
17 76
246 283
421 479
57 297
396 482
224 367
339 487
140 217
8 323
296 350
168 439
45 468
69 466
139 459
245 420
26 295
345 350
217 439
231 263
263 358
91 243
288 389
344 448
262 456
361 463
313 391
81 90
209 478
223 302
194 288
284 411
439 477
227 416
28 146
169 388
68 367
154 198
472 495
227 450
244 321
109 236
198 436
412 453
305 430
163 252
88 353
289 304
45 182
105 258
289 338
265 374
137 463
207 346
208 379
65 168
108 483
89 276
339 371
51 488
52 411
66 235
211 494
258 302
228 365
69 316
201 341
18 19
58 240
44 450
242 354
249 418
49 500
164 345
205 214
70 239
274 449
381 443
64 69
209 328
177 267
381 477
64 103
21 265
139 479
110 465
112 146
295 468
370 401
242 490
128 293
174 178
266 488
87 458
317 423
68 251
55 185
39 237
344 468
182 338
145 308
27 94
72 90
158 196
202 434
301 331
59 333
243 303
129 216
35 259
104 494
92 351
309 462
63 337
106 175
38 450
147 154
154 218
39 373
207 230
93 143
56 278
194 473
8 57
12 74
330 481
97 257
142 418
228 249
114 162
84 390
154 383
40 186
2 398
62 107
216 415
101 439
150 405
250 335
221 321
77 462
62 272
52 465
335 442
54 146
18 68
48 482
185 248
126 462
353 380
12 375
331 430
43 70
135 380
152 251
340 348
71 182
160 382
114 497
144 434
131 368
299 500
160 416
127 385
112 195
87 473
75 330
46 316
21 319
205 399
91 312
76 122
365 405
162 228
252 351
308 410
51 222
95 460
112 331
355 362
378 437
67 369
80 270
51 256
14 391
333 446
202 488
268 354
41 103
199 428
56 327
290 309
143 191
163 321
147 208
88 422
436 491
203 267
293 390
5 30
81 329
35 444
180 226
265 409
294 457
176 243
212 465
314 409
140 170
150 454
257 448
58 178
271 272
327 331
114 347
69 385
388 440
185 263
131 252
376 441
32 389
19 488
348 350
5 331
83 345
38 218
39 141
10 127
427 431
71 236
42 222
124 358
115 474
316 425
28 65
185 467
471 491
127 439
215 226
304 316
29 499
334 397
88 272
390 456
63 275
148 458
337 478
36 52
190 360
148 492
146 156
61 83
81 213
23 185
321 352
92 420
93 178
9 28
137 416
69 104
10 428
273 424
109 325
200 206
171 192
187 449
204 354
168 276
158 469
175 340
13 32
236 449
217 242
188 228
392 438
19 372
79 81
50 67
302 349
109 495
73 417
421 486
46 84
319 364
177 186
381 396
8 330
144 338
214 221
270 390
140 355
458 487
231 236
198 205
218 335
74 311
373 401
283 312
235 240
90 458
344 421
230 334
117 170
262 429
361 436
17 384
149 265
231 401
15 48
337 362
79 416
96 287
280 367
251 353
91 381
26 438
312 462
22 455
252 420
329 367
215 280
169 395
382 489
298 339
72 179
85 245
134 211
301 420
272 406
142 371
159 242
200 221
76 327
379 434
215 445
87 91
65 141
232 350
118 263
196 243
363 452
150 358
364 375
23 370
371 439
52 384
8 180
258 275
113 493
115 208
474 484
58 213
261 500
246 310
218 219
73 437
44 423
49 473
90 342
100 149
189 349
262 279
151 451
269 426
292 360
246 475
263 346
323 422
182 277
91 265
121 202
266 461
402 469
169 245
124 393
27 67
414 434
284 399
156 488
42 291
3 103
30 470
47 341
11 263
113 207
272 290
391 427
2 201
104 467
91 401
334 432
46 439
145 446
244 343
305 452
162 351
223 460
67 458
61 152
383 466
52 268
240 365
112 454
76 376
93 247
326 471
139 166
2 371
186 451
101 378
118 283
89 269
371 488
257 401
264 465
114 300
151 301
115 223
204 423
17 118
405 408
225 442
26 172
164 367
126 469
136 276
12 382
296 392
160 355
40 494
51 59
274 476
110 487
374 406
149 169
75 303
377 487
447 480
223 310
20 23
194 296
178 348
313 433
309 450
386 397
130 132
212 268
45 59
268 327
170 353
40 43
43 412
14 398
10 381
130 166
199 401
169 464
305 472
301 489
133 391
151 185
289 380
175 293
294 430
168 200
253 307
368 427
109 448
254 340
179 441
281 385
8 249
143 334
97 449
30 170
40 344
159 481
110 337
144 291
132 148
1 190
172 369
302 438
14 78
401 445
87 330
74 264
164 387
90 411
320 376
189 418
206 289
160 404
177 275
266 365
167 468
296 412
149 184
54 338
34 208
149 218
124 331
209 404
422 498
430 485
459 499
38 322
113 145
198 328
182 380
287 418
153 366
419 443
206 459
301 339
390 429
148 431
149 354
202 476
177 479
35 301
7 320
411 448
297 361
268 347
465 493
436 479
351 406
322 392
411 482
326 409
150 277
180 214
36 190
298 428
56 320
97 299
82 109
53 95
113 446
347 428
98 256
30 54
77 373
176 270
29 152
216 491
203 425
217 249
4 155
73 390
21 26
392 445
179 461
5 188
393 478
160 254
66 297
319 337
241 493
8 269
221 363
136 180
193 272
238 268
78 296
328 391
193 306
185 290
67 76
156 276
120 198
139 405
167 483
14 98
152 293
157 233
12 451
14 132
119 445
53 430
70 301
401 499
189 438
245 497
161 347
231 340
117 143
206 343
475 496
13 340
239 361
423 441
292 483
31 168
136 481
235 378
52 56
91 354
137 239
182 400
370 497
10 285
109 182
169 368
51 264
81 235
52 221
456 459
326 424
55 412
106 237
273 446
314 315
200 228
106 271
290 351
65 114
232 323
452 481
19 229
233 356
119 159
89 222
339 351
77 388
32 261
236 471
40 248
21 41
229 378
200 364
201 321
53 280
83 217
171 384
271 314
38 90
143 403
114 389
46 77
462 492
30 273
173 196
62 368
13 224
352 409
119 460
234 305
224 498
323 395
65 449
79 273
21 245
136 365
22 278
92 161
177 344
213 456
78 481
11 202
169 252
51 148
124 400
226 344
443 455
345 481
11 236
28 107
391 400
215 268
70 486
357 480
106 121
244 316
109 202
412 419
49 160
195 342
408 436
106 286
113 350
452 496
40 132
123 191
314 335
268 450
55 466
183 377
404 458
368 380
273 500
126 272
167 251
258 297
62 218
331 371
306 374
392 480
367 483
19 414
466 490
123 361
140 232
75 140
279 350
167 421
381 438
323 410
67 145
157 268
374 379
112 141
316 351
317 384
173 250
341 382
74 387
373 477
259 390
161 416
116 289
3 125
361 478
362 401
18 349
35 220
239 430
223 317
80 216
166 322
121 360
128 424
256 335
14 337
109 217
77 156
297 314
12 35
276 431
240 353
114 123
73 178
257 258
45 197
114 157
289 353
175 266
48 278
32 165
147 285
191 413
163 432
147 319
134 418
49 345
52 426
53 184
250 330
83 155
40 317
139 324
111 233
41 384
58 255
360 439
26 194
172 376
57 366
307 461
143 472
147 489
262 321
197 378
47 213
8 392
291 369
78 385
262 355
33 423
34 181
35 104
140 417
111 403
226 282
84 104
199 224
68 266
29 445
344 483
145 323
186 192
3 145
259 444
132 456
11 305
211 223
158 245
273 365
378 403
31 257
235 467
6 260
121 380
122 138
273 399
101 284
7 327
63 386
93 158
241 296
11 441
269 421
66 134
112 496
211 393
424 487
395 473
297 499
84 405
183 412
69 215
372 432
343 418
45 251
111 117
314 404
26 44
171 303
60 475
359 400
19 318
216 464
102 377
188 208
70 104
143 356
114 342
1 178
161 184
18 83
336 490
209 227
48 497
79 192
263 272
224 451
95 174
266 353
434 490
313 339
291 389
160 431
255 311
13 313
287 406
104 359
174 242
357 399
50 348
149 245
4 463
205 414
74 456
317 487
162 243
366 453
206 481
50 479
68 320
25 482
39 306
240 257
444 467
141 394
256 404
236 274
40 51
45 101
304 447
154 282
40 85
60 325
126 191
399 471
55 419
72 290
85 356
286 307
200 201
216 314
171 187
163 336
432 489
30 42
20 235
162 447
257 327
477 485
45 266
363 398
16 252
233 363
220 462
1 62
30 76
81 378
78 119
23 350
253 315
138 470
33 157
307 360
147 388
154 452
24 417
126 361
26 98
216 484
196 354
83 190
53 253
25 162
258 386
380 468
417 469
257 497
274 368
45 436
146 491
14 120
279 439
119 467
319 495
5 380
206 331
152 320
197 481
178 274
71 251
95 359
11 209
309 376
113 153
202 353
287 426
137 261
13 367
218 500
84 173
104 413
287 460
174 296
259 479
260 402
117 301
88 321
178 444
175 185
92 435
106 259
350 415
92 469
326 451
179 333
241 365
117 471
429 462
88 457
36 266
257 347
143 260
29 63
212 495
25 46
40 270
168 291
130 393
343 487
229 400
302 330
306 347
359 469
360 392
232 481
50 82
217 291
392 487
36 402
20 454
306 478
327 366
177 201
197 331
32 419
47 166
352 397
8 345
123 465
115 339
328 433
125 146
40 440
483 499
140 370
287 310
156 352
55 153
27 62
132 375
86 490
291 458
262 444
131 486
132 409
133 167
248 287
81 112
120 410
22 436
52 98
309 430
106 143
166 329
39 341
36 116
260 456
97 225
216 252
146 225
45 204
244 474
2 366
186 446
63 475
445 459
134 391
20 304
208 401
225 272
81 413
249 270
364 390
61 317
196 292
79 111
207 499
229 420
270 289
254 451
110 317
225 437
26 167
13 101
200 440
53 322
38 132
279 343
332 465
99 241
303 451
319 399
70 227
42 136
230 233
132 259
434 443
193 368
79 281
352 451
234 347
217 476
353 484
324 470
60 108
53 492
198 274
252 319
124 408
443 463
283 381
34 319
369 487
112 299
1 471
11 278
96 351
142 236
59 321
43 373
358 411
14 359
227 453
212 263
16 40
387 459
77 149
186 330
351 352
109 244
276 453
44 152
20 188
52 283
6 398
219 492
350 450
37 93
211 366
123 199
40 174
155 294
224 254
130 297
94 219
201 213
368 422
338 485
167 293
53 206
70 77
83 143
114 315
332 349
1 151
107 112
132 143
221 343
93 432
57 354
490 496
18 56
79 165
237 490
123 403
249 455
271 376
242 362
53 376
385 497
55 57
114 485
78 407
115 408
30 335
1 321
71 204
340 467
202 306
127 407
357 372
13 320
218 453
235 324
70 412
72 93
136 461
133 202
49 52
223 325
105 111
63 243
35 262
49 86
239 472
219 342
194 345
195 268
67 357
166 364
120 479
157 480
469 471
138 273
440 457
236 247
243 311
251 471
69 72
155 178
56 332
44 172
346 356
399 478
315 328
272 490
158 403
44 206
142 455
432 496
294 445
176 231
367 375
237 340
188 196
74 109
278 319
368 442
5 183
225 341
315 464
53 226
136 175
311 481
167 347
253 453
274 341
200 475
389 495
26 236
43 107
271 425
348 372
119 440
438 495
22 224
131 405
63 93
17 318
475 491
361 404
33 465
239 356
226 290
369 425
251 321
120 363
127 427
138 157
142 174
39 294
273 276
27 151
329 335
116 351
70 466
101 161
298 307
230 472
47 425
444 489
211 265
415 475
260 409
174 400
158 287
43 442
59 390
178 417
333 483
106 232
175 192
290 312
60 347
146 178
350 388
322 407
109 313
293 393
163 358
85 349
180 229
338 389
155 232
126 218
424 495
80 443
281 284
196 211
167 197
269 463
6 467
27 355
84 447
30 69
30 103
183 488
201 282
171 345
2 489
331 351
302 337
99 160
421 474
89 353
417 457
278 373
46 72
90 310
303 404
22 108
107 181
150 496
281 454
34 73
8 318
25 189
65 410
79 234
29 337
227 241
197 469
313 347
189 453
242 465
349 459
320 445
71 273
361 424
132 382
4 471
248 260
205 456
6 186
77 102
251 375
166 302
39 314
337 481
199 320
153 435
268 280
49 155
179 190
12 15
93 215
28 272
268 411
289 299
45 177
199 485
216 356
55 461
375 439
57 142
27 370
88 479
257 369
134 398
131 139
78 161
32 276
69 277
109 498
307 402
147 430
154 494
168 318
314 500
285 486
181 206
152 192
44 411
38 105
58 235
53 329
303 424
42 109
124 245
16 464
131 309
17 222
57 443
4 355
231 273
316 346
217 449
234 354
5 422
22 293
341 348
34 258
451 452
137 172
223 278
54 422
170 190
52 86
141 286
23 72
287 468
127 496
141 320
304 373
27 220
244 331
334 454
162 339
247 412
301 457
105 234
194 434
178 486
51 333
33 49
121 491
32 160
69 161
236 370
33 83
110 140
94 192
254 308
339 381
445 452
196 280
281 353
28 457
416 472
159 449
176 320
130 435
389 414
62 233
17 106
192 302
48 443
62 267
43 60
279 365
164 355
135 341
385 436
319 421
8 353
221 447
91 137
381 453
356 456
25 258
39 82
426 449
100 191
459 467
156 394
38 290
55 195
373 492
230 391
414 471
1 459
291 500
42 328
177 413
148 399
132 451
202 444
20 45
309 438
11 271
52 140
411 416
326 343
166 371
38 460
108 343
126 137
169 452
155 185
27 274
11 436
330 491
51 382
44 179
229 292
200 278
175 281
146 267
31 422
314 399
186 488
72 401
171 298
49 360
90 229
22 27
339 435
107 134
310 421
197 257
79 153
253 460
40 366
115 396
144 444
30 357
47 228
231 308
107 304
88 97
59 193
361 377
348 476
238 406
422 486
59 227
136 449
140 466
22 362
107 435
166 221
25 443
169 336
34 361
170 259
141 355
161 485
142 278
28 191
13 478
43 415
158 260
16 82
31 306
121 429
91 492
407 453
162 408
163 331
407 487
322 414
119 127
165 489
51 402
265 419
6 440
269 436
82 97
211 408
123 241
192 201
268 500
367 397
86 101
123 275
25 26
115 149
171 318
155 370
232 427
99 133
74 136
327 341
274 363
45 431
151 392
132 185
306 458
238 256
94 397
124 169
307 491
348 360
34 80
352 377
4 308
94 431
26 229
125 126
96 112
67 98
107 319
82 432
53 418
38 228
288 323
238 421
78 449
427 441
51 116
157 352
13 328
113 148
218 461
88 151
58 489
127 449
448 460
121 279
259 474
76 152
162 258
63 285
298 300
95 490
165 373
80 300
51 286
386 454
195 310
40 100
155 220
109 335
273 434
171 202
44 214
261 325
117 466
400 443
90 133
35 474
115 164
30 91
175 350
48 362
6 494
17 59
306 342
396 465
224 350
281 442
286 492
385 389
53 268
12 323
417 484
168 422
201 440
405 485
172 460
259 324
279 488
259 358
164 478
320 467
107 373
398 447
54 395
51 170
157 406
91 391
14 305
198 385
153 423
387 405
56 207
330 410
71 431
55 318
305 413
240 321
162 312
116 427
133 298
204 214
64 372
294 337
175 234
408 458
379 444
48 246
147 253
121 498
33 56
92 484
89 225
94 165
9 92
65 151
298 485
170 464
10 492
155 274
240 457
5 109
179 382
82 166
315 390
52 394
172 179
27 397
228 348
347 485
311 407
318 471
69 299
289 457
253 379
156 163
26 128
314 488
57 300
359 484
58 223
275 334
360 407
147 423
118 409
21 83
218 229
119 332
74 205
46 114
89 429
120 124
61 448
197 346
250 468
267 339
94 466
98 483
185 347
239 282
328 482
270 454
185 381
166 174
455 457
242 473
128 276
99 372
70 358
100 295
418 427
85 105
46 284
10 206
99 406
414 444
243 252
178 309
132 424
28 144
247 269
202 417
219 288
79 446
178 343
15 112
63 320
77 144
137 330
10 342
109 239
24 166
199 362
133 347
150 218
412 456
155 158
195 379
330 464
69 149
141 478
347 369
318 355
60 409
139 176
130 292
85 440
72 374
147 307
19 286
179 402
151 311
105 426
233 447
50 112
122 441
466 493
437 479
192 324
25 115
282 447
299 318
253 433
12 358
43 53
200 455
401 406
152 234
54 260
128 160
14 73
119 386
83 308
184 329
100 179
189 379
303 466
345 368
287 340
79 296
4 397
2 95
22 335
455 477
91 295
92 218
181 418
182 341
136 456
38 317
153 327
10 226
312 410
26 483
95 443
414 498
231 451
158 233
43 388
333 429
55 353
387 474
106 178
77 164
329 446
334 496
92 388
276 468
73 181
293 373
408 493
15 297
321 451
37 108
106 343
123 214
23 318
7 480
4 111
336 342
110 182
85 460
201 228
172 214
12 242
216 452
171 325
73 351
286 445
204 453
40 354
389 456
393 473
131 235
331 428
335 445
77 499
376 424
234 246
119 401
90 387
104 211
5 314
65 390
353 383
46 183
181 268
152 254
221 489
324 403
17 313
267 408
39 124
209 380
125 230
26 367
96 250
11 177
87 476
202 321
127 422
15 16
70 427
259 447
99 475
448 467
107 462
300 316
149 364
34 354
211 231
6 297
251 486
208 315
12 92
199 431
338 384
126 213
346 371
12 126
196 206
186 399
399 493
82 119
159 341
28 383
6 433
115 137
1 50
60 478
72 443
171 340
261 463
249 320
134 475
119 285
89 348
22 69
75 81
433 434
319 347
107 176
196 376
197 299
282 482
267 292
139 381
328 401
86 293
41 441
42 89
340 366
26 251
458 470
12 427
246 409
202 205
57 423
279 427
259 297
230 283
99 325
234 300
218 352
70 311
288 345
63 108
145 244
18 256
3 66
62 494
263 445
50 351
15 31
292 493
365 423
205 451
157 379
256 276
55 257
186 249
51 274
11 362
174 415
60 328
190 397
106 247
375 400
138 342
237 239
72 327
5 48
322 456
126 233
90 155
195 468
310 313
298 492
221 257
192 243
114 234
183 469
69 272
53 159
28 437
200 374
171 360
41 325
389 394
19 375
147 396
213 262
302 352
417 472
103 192
278 388
118 416
20 442
274 405
180 448
45 473
16 459
32 407
34 88
267 312
9 366
406 430
177 223
246 458
267 346
139 435
4 350
74 343
121 151
125 168
266 410
152 323
182 260
153 246
12 481
82 474
152 357
402 452
252 287
10 179
30 419
427 483
260 274
86 478
398 469
230 337
141 281
129 138
316 477
231 404
187 200
149 302
234 485
91 384
309 418
68 343
334 449
382 492
199 335
35 346
39 363
383 415
223 443
11 382
408 446
97 213
272 409
142 374
93 230
183 353
272 443
57 157
162 470
29 66
216 405
118 266
82 188
264 448
160 168
15 386
289 479
1 119
61 305
396 473
32 291
78 176
23 407
17 101
8 217
94 323
311 434
249 389
155 432
21 105
225 425
41 379
38 120
29 236
196 445
303 439
267 361
71 138
42 124
95 246
47 174
459 462
33 384
430 448
149 152
103 377
218 387
74 363
173 260
193 390
59 173
121 205
76 78
63 177
280 288
182 314
145 313
136 429
178 331
149 317
256 311
313 450
157 448
23 121
212 251
174 353
260 459
329 419
12 45
334 469
163 277
330 486
134 263
97 262
165 435
34 477
146 228
32 141
233 304
176 199
48 288
350 472
207 371
343 379
56 453
28 472
184 186
168 348
258 361
95 130
115 260
185 253
175 446
376 397
275 376
217 348
14 61
4 254
75 170
160 353
180 483
135 356
234 253
89 471
90 394
303 488
349 373
22 192
178 181
17 286
83 301
6 66
422 447
125 203
65 494
51 62
110 490
9 469
6 100
226 258
309 317
68 242
31 102
83 466
70 400
344 493
214 458
1 474
3 155
141 350
13 473
50 474
148 448
129 241
35 284
91 453
121 390
355 372
67 379
212 271
166 386
222 445
19 158
322 375
9 18
169 467
199 404
39 432
301 492
158 391
98 239
60 451
176 219
45 261
163 462
134 448
180 367
364 447
306 419
175 461
192 332
306 453
323 324
253 475
270 346
389 483
41 414
295 377
82 393
302 441
340 373
83 350
55 94
75 224
145 217
230 290
1 358
78 415
316 430
209 407
59 242
79 372
292 466
108 208
63 246
251 343
153 369
38 359
22 411
52 170
36 57
256 380
27 173
132 486
415 463
88 282
141 404
243 348
15 174
212 320
198 496
174 422
106 220
175 180
117 427
121 444
452 464
88 447
233 339
49 259
5 55
179 328
363 408
32 210
52 340
122 333
8 136
310 320
76 448
146 331
396 426
51 451
282 339
81 388
40 231
142 497
21 24
113 483
65 262
200 347
154 462
201 270
126 371
261 456
26 108
331 339
102 407
171 367
257 473
29 189
279 284
1 208
90 298
146 467
45 446
161 214
57 411
405 480
173 179
32 414
4 323
5 356
121 124
266 383
37 451
5 390
107 334
266 417
181 344
63 130
153 253
252 260
230 310
26 409
113 163
127 464
31 171
248 282
234 458
304 341
104 423
99 483
92 280
145 402
234 492
31 205
205 478
116 388
390 481
18 448
163 230
308 489
165 388
149 440
294 332
354 408
236 304
8 20
326 427
69 129
154 312
215 421
12 134
346 413
117 481
216 378
371 444
45 296
114 256
250 264
204 379
220 492
15 393
2 492
364 385
336 404
74 166
155 405
89 390
21 78
136 198
9 257
249 396
36 412
319 389
8 321
197 341
99 202
274 398
214 246
45 500
231 261
188 457
402 474
288 387
160 476
344 446
259 373
145 286
8 491
117 195
59 311
365 465
255 395
52 108
128 407
199 323
169 386
108 311
358 406
24 161
109 234
329 392
215 305
170 343
97 235
272 431
174 457
158 344
277 481
113 382
15 243
248 467
163 284
61 162
147 268
236 358
92 499
5 90
94 180
293 450
9 107
137 495
155 289
80 500
27 412
114 276
115 199
282 408
286 425
371 498
122 436
139 307
228 397
45 350
30 160
13 111
44 448
46 129
118 458
135 329
119 381
70 237
262 304
381 441
291 352
61 497
263 371
21 263
120 270
422 454
112 144
68 215
29 394
43 218
295 500
341 385
83 439
357 367
344 466
99 421
414 459
313 438
42 316
178 324
158 194
16 50
91 426
92 349
38 448
137 345
207 228
293 334
264 320
153 492
298 384
150 233
383 457
194 471
12 72
23 279
113 402
98 212
183 395
272 485
60 424
33 91
72 389
201 223
57 199
290 423
72 423
189 224
274 297
245 283
66 253
30 175
135 213
61 347
281 395
197 245
9 292
376 419
328 347
111 270
249 465
181 263
37 404
153 172
356 459
197 410
82 400
167 473
184 344
344 350
131 366
245 487
148 271
132 323
33 426
112 193
35 107
422 474
423 431
22 384
177 450
284 444
6 258
23 129
125 395
95 458
444 450
313 492
80 268
301 349
43 403
142 300
14 389
198 469
212 293
27 277
428 468
399 454
73 196
57 83
203 265
204 298
195 414
264 374
15 312
114 209
151 210
347 433
233 346
77 344
146 304
168 225
7 495
93 326
343 421
65 235
56 461
368 452
21 31
135 228
208 480
384 434
73 366
99 155
332 379
70 141
171 471
185 295
405 453
401 470
317 320
377 396
135 398
353 432
320 401
53 406
327 499
9 477
78 437
115 438
283 295
25 349
42 220
312 440
31 144
55 252
56 175
230 448
215 258
362 473
158 297
350 364
93 176
322 417
36 215
27 331
325 498
211 411
212 478
233 366
115 152
32 237
131 134
200 369
76 475
103 153
421 450
74 139
290 492
232 464
72 492
336 411
90 286
78 287
177 184
69 403
192 408
139 430
287 293
173 206
58 361
29 347
242 441
71 249
75 266
145 259
47 285
231 365
78 457
33 495
162 164
64 190
202 385
79 414
394 452
165 245
280 365
439 448
464 479
387 393
55 306
42 405
150 186
142 335
44 86
88 324
158 317
200 219
379 432
244 457
350 418
101 356
321 404
65 139
134 374
416 428
88 489
254 269
195 483
196 241
82 154
236 462
17 62
425 482
81 430
78 171
40 273
224 353
25 83
65 304
201 312
155 427
172 298
389 409
261 498
111 223
331 381
246 308
104 130
271 339
44 421
115 337
319 382
136 225
115 371
349 353
116 129
107 245
206 252
410 462
148 224
348 417
50 250
21 236
35 60
103 372
110 436
94 488
65 474
279 491
235 287
111 393
266 459
53 475
85 93
238 478
214 404
86 493
398 484
117 188
70 380
55 190
71 303
443 480
157 443
187 215
243 274
361 488
362 411
205 486
390 489
365 492
31 247
121 370
3 266
162 349
412 444
11 397
241 252
379 447
269 377
28 302
166 497
137 483
108 469
138 406
109 392
41 190
215 463
183 402
285 346
346 455
97 393
186 483
196 290
102 333
232 368
286 413
15 401
478 480
364 393
250 340
221 326
93 415
193 235
95 96
376 392
21 120
93 449
5 282
385 446
225 474
82 373
53 359
71 153
42 139
230 236
184 351
1 304
51 57
71 187
128 279
316 376
317 409
173 275
234 384
103 426
205 370
295 493
30 483
247 272
366 409
252 322
262 496
18 374
153 349
248 339
6 231
105 128
337 429
255 437
355 367
183 252
154 238
40 41
24 203
14 396
12 60
102 183
145 498
240 378
318 358
20 191
158 386
60 446
146 277
62 127
147 310
420 480
237 323
224 257
89 282
253 305
89 316
81 465
380 390
315 447
70 114
257 453
442 456
490 499
275 391
12 395
127 240
14 76
172 401
249 458
434 461
205 254
107 280
91 167
291 360
66 445
10 98
193 420
50 319
21 305
35 129
255 287
120 312
141 200
226 273
430 483
96 238
210 435
127 410
222 290
111 462
312 413
181 455
169 312
170 235
244 245
100 386
3 170
72 130
301 337
161 495
391 460
50 489
21 475
333 466
32 40
219 379
7 318
76 278
92 391
77 201
108 373
7 352
92 425
122 197
293 376
5 16
199 419
9 33
170 405
27 304
41 128
126 201
195 436
56 352
53 93
240 432
97 331
98 254
253 320
473 478
129 426
229 356
331 334
118 350
450 471
5 186
164 269
36 358
364 462
136 178
241 491
107 164
245 359
151 402
23 491
335 482
122 498
25 172
192 381
405 475
193 304
123 421
79 217
196 495
13 173
299 409
43 110
11 49
41 463
271 428
58 334
302 490
53 428
313 330
169 196
245 495
144 474
161 345
115 460
47 258
349 442
71 256
255 336
161 379
13 338
132 365
316 445
190 215
59 257
394 425
6 169
305 369
181 475
22 426
341 481
308 450
100 406
34 391
382 460
81 199
199 303
284 486
223 411
386 464
23 205
43 445
16 112
129 310
45 160
12 129
199 468
121 459
48 241
203 307
90 143
208 357
64 498
146 312
150 329
264 416
151 252
233 388
105 367
241 375
62 196
52 389
111 162
183 491
164 284
21 73
111 196
102 422
201 319
87 232
44 394
143 401
433 442
417 494
388 480
40 411
274 393
144 358
131 292
433 476
221 415
61 443
292 331
148 197
193 358
58 383
59 141
46 240
263 351
173 228
348 424
349 457
107 349
324 460
177 342
8 486
10 167
194 247
148 362
83 419
27 72
443 453
96 307
231 392
166 300
358 367
244 280
333 370
202 412
357 478
472 488
56 217
31 220
48 91
116 403
149 421
150 179
289 297
379 420
219 448
23 225
67 463
9 68
65 127
39 482
9 102
229 260
240 467
211 453
12 183
117 496
51 481
416 421
167 249
88 482
281 336
90 163
346 428
143 285
86 180
189 204
359 460
236 489
200 411
72 500
278 391
19 412
50 107
217 316
102 471
5 255
307 439
151 437
135 324
221 430
381 436
53 332
267 349
356 439
192 450
9 403
78 363
95 234
39 65
12 484
374 377
217 452
14 165
287 335
172 490
341 380
312 366
92 179
230 374
337 368
88 196
162 206
34 295
251 393
256 333
76 231
128 456
198 449
51 331
85 285
42 481
272 446
142 411
45 195
114 155
233 292
191 377
146 250
261 370
32 163
200 295
237 296
65 181
249 261
90 212
81 438
167 269
364 415
53 182
8 220
22 44
52 458
82 230
253 409
130 438
140 245
12 368
331 423
13 126
302 409
401 416
271 381
30 306
205 227
206 260
145 185
30 340
1 326
221 484
3 7
79 306
296 417
34 179
238 389
255 260
239 312
181 394
67 197
51 84
5 474
157 320
91 305
288 422
55 198
124 433
443 488
95 419
100 359
117 230
255 425
259 442
132 454
415 431
202 447
91 441
60 303
145 486
91 475
101 282
24 196
264 335
36 161
179 296
6 423
142 431
257 276
28 344
228 262
212 424
297 497
9 137
24 361
31 425
254 360
346 497
315 469
82 245
217 220
5 159
163 484
245 298
332 374
89 343
388 433
52 478
124 152
21 162
210 292
249 480
181 278
164 407
266 351
135 393
53 401
189 409
242 421
230 278
270 499
255 309
62 455
161 352
374 446
113 131
18 251
87 486
149 243
103 468
317 485
92 248
152 434
116 356
177 465
178 388
54 494
49 111
10 290
280 476
166 389
265 286
16 85
244 403
2 295
171 185
247 484
147 221
73 245
53 115
371 412
44 231
143 238
395 491
359 413
61 246
147 352
207 428
237 365
9 191
78 151
65 250
396 448
183 464
140 183
310 439
281 425
196 352
8 289
271 285
213 257
303 380
15 497
58 322
127 282
43 132
14 118
74 304
58 356
104 241
29 342
107 322
189 458
479 499
37 473
18 266
3 76
223 234
177 349
427 444
214 350
50 361
267 472
21 347
111 470
38 362
226 349
199 291
448 497
230 497
44 81
133 281
105 190
248 435
32 82
191 330
63 419
61 130
294 354
7 394
94 148
133 446
56 360
211 426
429 460
170 481
371 432
27 380
143 258
86 153
229 398
101 487
77 413
176 310
102 444
21 66
103 202
164 311
17 193
152 168
197 329
17 227
250 451
34 98
323 381
124 221
98 466
125 144
6 7
94 449
299 417
185 330
65 435
10 24
108 129
90 471
85 88
344 434
161 387
46 267
56 74
99 389
116 260
145 274
149 278
18 320
333 358
362 372
15 61
125 314
280 380
21 401
81 110
19 99
308 492
208 229
383 425
102 129
56 244
269 338
325 397
100 482
330 447
51 338
216 250
69 132
129 318
342 412
130 241
183 363
146 223
31 378
314 355
94 168
44 266
133 466
58 90
134 389
20 302
322 486
204 382
339 357
264 458
49 350
211 480
310 377
167 276
130 411
111 204
41 355
360 410
295 318
172 347
44 436
58 260
98 481
30 279
332 463
401 423
86 372
246 488
263 359
103 387
205 331
239 285
234 379
447 473
22 318
341 373
7 128
108 149
68 237
366 404
38 300
184 482
54 447
169 292
34 317
231 434
391 440
198 437
45 52
104 480
219 325
403 405
55 336
60 276
31 262
3 281
149 463
19 153
134 273
408 476
32 151
28 317
168 193
342 466
113 424
110 165
84 410
229 302
183 417
268 490
9 144
338 483
167 291
72 411
44 320
134 443
99 123
86 222
184 196
175 422
160 232
302 431
119 384
324 352
279 390
266 324
22 202
327 433
10 59
184 366
185 399
71 202
51 72
127 371
459 492
374 419
58 445
70 410
190 195
305 315
288 444
366 424
72 125
148 424
47 403
247 321
132 476
35 260
252 371
308 430
11 296
255 452
355 382
11 330
14 411
109 291
208 298
215 362
186 348
36 183
72 295
247 491
342 481
130 310
16 223
190 496
175 306
77 332
321 488
207 401
192 211
49 385
242 244
311 479
417 440
224 437
93 479
140 287
126 497
340 349
188 364
271 423
348 370
234 283
99 308
434 476
90 424
320 389
344 387
161 340
145 227
320 423
291 409
62 477
33 463
239 354
9 499
190 210
7 163
112 201
165 213
430 498
24 68
68 306
56 163
214 488
313 495
226 453
44 54
444 487
28 216
117 306
3 219
277 422
16 107
219 394
105 197
290 310
31 331
48 202
351 419
93 198
63 426
163 356
150 290
39 462
354 500
89 215
195 451
51 427
35 479
151 247
122 343
40 241
372 472
220 487
1 87
171 343
191 473
48 372
127 139
331 349
118 365
217 262
101 494
73 403
72 480
392 458
179 474
189 281
249 357
203 472
89 385
388 475
380 459
8 316
93 499
124 194
65 408
299 390
139 418
6 14
91 197
11 64
152 306
340 403
12 464
38 253
373 421
144 489
99 362
214 372
70 348
185 468
127 440
142 187
218 486
205 454
190 264
276 370
365 460
163 206
308 465
194 378
134 226
6 315
308 499
294 342
301 406
98 119
268 409
60 365
159 262
31 351
73 253
286 347
57 140
44 239
143 246
114 232
3 404
102 301
286 381
221 260
306 333
425 470
168 282
193 203
282 403
225 408
210 218
201 334
83 230
29 219
196 428
214 222
83 264
388 495
44 443
71 121
95 229
1 272
193 339
262 299
79 252
246 461
47 191
33 367
57 475
406 467
263 366
91 251
341 346
181 374
283 318
148 343
320 492
308 349
42 277
137 301
256 328
142 241
304 371
75 439
191 207
235 445
12 28
305 438
42 442
276 424
27 252
162 337
272 441
59 457
178 484
64 397
248 477
33 47
93 233
67 478
31 400
350 455
19 257
322 474
249 256
164 183
154 376
240 482
56 402
225 292
470 481
28 455
233 423
185 202
61 308
127 174
275 325
331 384
86 229
57 325
147 448
13 121
118 434
14 44
21 108
401 411
246 345
266 297
36 442
17 235
349 356
90 377
5 304
177 241
53 347
68 94
192 465
94 491
78 378
299 459
6 83
26 323
287 350
242 498
128 301
60 99
447 466
288 417
85 130
447 500
148 397
366 431
60 264
280 422
378 396
333 434
93 117
67 362
212 254
68 395
252 475
223 461
293 344
354 453
10 401
338 340
165 467
330 489
81 317
98 188
428 463
142 426
129 360
16 196
318 380
342 488
2 406
420 468
4 87
48 325
19 311
3 473
135 189
416 485
74 114
307 338
278 324
264 500
151 336
20 378
136 146
281 405
196 332
380 412
253 424
140 260
9 302
328 357
270 329
41 397
26 207
111 280
181 273
171 466
152 259
75 173
70 267
303 491
245 463
131 376
30 355
47 226
192 485
104 352
120 334
370 429
107 433
210 457
471 484
55 213
10 251
198 348
313 468
284 454
256 363
211 236
113 262
84 248
174 371
158 258
277 395
159 181
15 157
16 80
403 447
174 405
232 255
436 465
102 220
208 291
117 444
203 275
338 360
322 412
89 188
179 311
151 220
6 438
37 133
142 446
241 343
66 147
139 221
24 376
229 344
290 453
246 249
184 204
188 221
57 263
44 362
89 324
257 456
143 369
144 292
134 485
233 492
105 471
38 56
107 152
189 288
393 498
161 197
120 184
66 448
63 79
454 463
68 129
12 437
66 482
63 113
39 149
78 447
223 229
80 128
369 411
156 427
42 230
127 413
374 461
26 392
13 326
14 249
149 224
28 73
4 442
127 447
357 412
43 297
227 377
15 41
2 140
288 486
190 237
7 224
382 448
277 410
444 480
11 338
265 301
325 377
440 497
113 316
94 109
386 486
222 497
300 477
399 484
55 432
400 407
404 424
171 200
346 396
215 438
232 309
101 351
119 145
258 263
130 352
45 279
144 176
115 162
180 254
76 451
359 428
2 475
131 144
16 299
191 495
77 408
9 206
94 279
48 394
19 380
107 167
281 440
197 290
36 395
167 353
38 76
197 324
34 93
274 381
228 496
26 242
115 332
125 139
45 483
317 350
406 440
288 336
230 308
136 351
320 431
116 255
18 281
177 364
292 484
25 379
194 269
398 479
280 375
439 458
198 383
174 309
412 434
334 425
42 415
72 187
489 491
276 397
112 408
240 319
133 296
20 132
272 414
204 212
130 236
106 272
60 387
65 149
151 255
322 481
83 87
27 395
241 412
98 311
15 396
474 492
360 405
118 407
319 392
5 277
180 473
66 386
296 351
34 113
267 337
9 391
124 236
79 274
139 460
9 425
370 382
29 377
22 313
127 351
108 144
68 232
153 305
174 193
344 449
56 89
214 414
391 401
35 206
262 491
60 237
205 496
153 441
109 237
63 352
93 124
383 440
252 482
71 483
81 290
52 276
141 476
297 465
318 353
243 454
4 60
162 495
101 420
416 458
4 94
315 437
274 280
478 490
49 365
66 236
105 424
204 431
106 457
61 330
193 211
396 498
367 484
23 432
106 491
193 245
299 316
50 144
156 215
111 253
181 246
152 232
22 197
10 54
82 383
100 177
287 338
61 500
193 381
32 486
131 383
173 251
149 177
316 386
202 299
193 415
292 422
377 495
235 317
22 333
365 386
145 338
68 252
206 447
308 391
24 48
170 230
35 255
141 326
95 441
112 312
28 162
231 449
301 332
13 449
158 231
362 441
129 217
38 480
403 420
387 472
106 176
273 385
358 458
31 277
215 357
351 365
276 466
143 172
351 399
318 368
89 161
158 396
408 491
379 477
66 120
6 411
7 444
241 316
146 287
98 215
52 330
168 208
457 491
93 309
26 30
65 218
87 139
126 327
375 499
179 449
285 410
83 156
27 464
286 443
58 159
258 352
98 380
332 362
176 360
161 170
175 471
79 178
33 293
246 387
21 150
123 416
324 367
279 405
381 493
182 223
25 298
238 392
426 489
397 475
86 407
11 141
184 381
156 400
140 452
111 438
84 105
87 474
173 305
157 357
312 423
218 466
100 362
46 351
92 270
63 256
35 275
95 461
362 490
51 257
256 390
93 159
358 478
244 391
300 450
215 377
481 483
85 342
154 302
171 173
41 138
12 124
196 204
371 400
158 416
347 436
144 149
233 349
289 408
372 467
31 462
359 401
32 220
16 272
220 482
207 416
171 338
106 395
77 381
138 490
249 352
36 368
37 291
319 345
221 371
225 388
197 297
32 385
228 469
323 349
442 486
95 175
168 427
110 399
271 438
29 330
302 500
184 396
188 413
227 234
27 28
116 228
136 358
267 460
231 382
238 446
79 397
11 195
280 348
136 489
128 363
181 485
182 408
54 497
84 159
55 255
170 265
128 397
198 390
300 334
284 496
170 299
42 388
27 198
3 234
105 178
456 467
460 484
15 199
304 482
190 395
403 489
220 332
121 469
92 455
322 420
162 448
48 251
261 345
3 399
179 353
23 351
371 420
257 333
221 255
228 319
25 32
441 447
144 203
285 445
200 372
271 288
171 392
87 242
203 487
319 365
90 323
100 130
33 328
306 498
103 321
291 308
59 117
21 219
238 330
323 403
140 356
91 212
103 355
110 419
94 471
157 261
128 247
295 456
296 489
152 355
169 226
366 372
373 436
252 285
259 349
124 374
214 387
194 257
70 363
113 188
129 170
219 293
46 420
280 402
48 101
121 353
186 296
34 421
194 427
8 11
355 466
113 358
28 285
268 424
342 434
216 369
27 383
346 438
29 64
88 492
315 410
363 453
364 376
478 497
62 226
364 410
18 22
164 348
20 489
254 471
107 243
197 366
332 451
303 437
71 136
1 287
245 443
62 396
33 382
132 279
18 192
317 392
259 364
235 290
74 395
92 189
63 175
251 272
116 297
222 258
313 414
50 418
369 473
165 263
42 292
79 466
21 438
256 343
108 302
113 242
283 498
268 308
387 445
10 362
101 243
55 358
72 229
269 375
141 464
276 439
56 281
247 425
117 390
318 341
272 456
289 327
158 369
175 240
407 431
146 226
151 166
219 478
191 387
195 404
2 401
23 289
224 240
457 464
123 219
109 395
314 363
164 198
249 271
154 391
126 300
216 423
85 465
180 345
332 335
70 97
139 332
131 206
30 185
270 324
172 350
41 392
360 447
33 266
73 487
353 354
44 473
234 251
409 447
266 346
47 221
323 438
124 278
10 81
65 492
193 403
54 319
112 169
316 379
185 421
156 407
137 200
174 201
31 100
283 382
87 481
382 389
182 361
170 218
199 232
184 485
10 246
414 484
305 337
177 426
13 437
162 236
18 377
187 267
492 498
243 326
79 486
120 465
334 482
326 356
67 377
212 269
251 457
109 279
65 75
269 395
12 97
40 175
342 469
28 354
395 481
114 185
30 35
158 423
372 440
343 426
26 52
57 224
307 319
261 434
450 454
143 364
163 494
36 341
339 448
204 473
221 344
281 420
79 166
69 359
17 168
37 298
376 444
69 393
127 243
324 389
13 156
266 361
197 435
83 348
189 419
274 492
46 208
230 288
17 304
18 227
42 225
112 218
149 219
87 496
365 394
107 448
370 444
181 458
48 54
153 367
166 268
19 40
24 90
214 476
148 461
283 436
64 311
34 374
25 490
52 168
240 265
67 392
71 409
386 447
52 202
333 469
220 305
59 410
55 393
273 427
48 190
232 270
101 312
321 360
186 385
191 325
465 494
147 197
452 462
105 316
20 243
89 203
80 429
363 406
265 432
32 208
282 337
237 375
372 460
25 39
21 22
139 236
65 260
154 460
155 383
27 472
41 296
343 480
82 275
257 471
54 184
176 402
47 125
1 240
185 320
61 426
33 335
50 206
438 496
104 251
94 444
92 108
279 447
63 94
82 445
152 328
267 448
8 469
25 340
55 112
313 367
260 279
127 462
59 260
43 312
60 183
128 385
13 375
198 378
215 249
103 498
15 56
70 467
357 461
102 119
276 392
36 75
354 372
165 386
264 283
51 299
383 420
248 445
265 316
219 431
142 345
126 219
208 355
273 481
338 424
126 253
41 180
310 333
429 470
72 352
187 472
35 487
30 104
129 478
130 401
17 72
200 394
336 402
57 293
65 280
466 471
336 436
140 213
279 331
385 402
254 444
107 216
281 489
410 433
296 346
388 483
168 435
70 186
54 238
238 318
209 304
139 421
1 260
111 364
217 435
316 332
431 452
317 365
74 334
242 466
341 363
60 67
213 452
188 455
205 326
70 351
2 39
288 385
136 400
153 271
107 386
320 480
398 460
238 488
190 267
394 477
81 120
205 491
137 289
226 379
108 275
43 332
26 461
183 208
38 426
329 390
208 239
170 341
72 202
269 348
88 349
178 472
277 479
113 380
248 465
432 435
134 268
408 471
57 143
294 384
32 146
108 445
63 483
77 307
261 387
163 413
108 479
196 266
281 339
82 179
286 389
250 311
257 375
8 203
371 462
281 373
40 298
129 498
93 420
16 334
155 452
13 109
43 46
201 371
104 155
147 470
46 127
213 336
410 453
250 481
221 467
178 186
234 355
226 229
210 391
96 194
121 225
169 268
68 247
29 426
272 279
230 411
142 244
18 350
97 117
50 445
129 212
304 408
334 489
118 136
247 447
179 245
68 417
126 157
211 340
294 399
151 188
325 461
11 456
28 327
212 407
486 500
224 262
130 305
215 488
101 401
4 75
60 456
57 197
126 322
261 407
19 299
102 358
286 438
70 85
66 251
20 366
107 120
380 400
23 447
18 64
94 363
311 474
147 485
118 471
234 239
224 432
139 359
12 371
201 391
152 247
8 388
356 457
39 83
303 479
161 301
30 343
145 188
51 82
291 370
47 248
18 234
173 300
263 423
280 294
5 477
121 245
136 469
222 300
206 462
54 477
444 448
415 434
81 189
272 333
141 375
108 344
14 387
169 453
428 466
199 424
102 208
375 378
261 291
117 432
114 173
89 176
163 351
363 379
151 208
62 152
33 138
123 261
110 195
111 118
278 327
154 433
135 226
24 398
224 316
310 422
36 363
258 367
228 430
25 143
328 360
233 480
417 450
303 363
274 349
115 300
335 458
204 500
132 171
275 416
79 193
331 475
302 461
467 483
74 287
278 497
292 321
279 420
348 380
59 97
75 210
249 483
135 396
262 371
47 263
352 494
267 421
323 480
209 393
239 330
62 487
397 490
83 375
398 413
51 102
374 449
112 211
11 190
316 421
156 449
108 228
304 312
38 379
68 316
169 337
75 380
2 162
71 397
206 482
73 78
391 485
178 391
17 496
18 419
49 114
134 187
178 425
146 152
190 390
297 384
207 295
92 450
481 498
170 430
36 213
11 491
12 139
8 156
114 227
289 423
159 388
359 416
45 301
32 235
72 456
306 328
123 281
29 175
89 361
119 298
75 94
164 294
66 320
335 473
8 292
192 372
327 347
197 312
131 297
151 427
34 81
221 420
25 197
123 446
328 414
11 40
168 442
140 351
331 495
217 408
14 121
152 316
58 359
340 413
119 468
283 308
90 454
317 372
5 381
349 467
18 303
173 369
190 240
234 478
23 65
92 300
309 411
191 197
67 303
152 486
77 110
358 377
109 205
194 388
298 335
260 437
112 396
44 84
98 129
69 115
342 395
277 452
84 339
204 234
60 375
175 220
32 119
101 354
58 73
29 59
416 426
208 382
80 471
81 394
281 312
23 366
211 463
51 491
23 400
54 95
224 351
140 201
201 310
302 365
58 243
258 436
29 229
327 396
433 467
86 321
136 223
189 345
176 444
458 498
161 254
86 355
79 262
381 446
35 58
422 425
50 282
21 268
22 301
121 198
431 479
39 206
344 437
99 392
414 430
398 482
369 468
55 188
141 294
26 449
174 312
357 469
235 421
220 231
273 353
48 116
163 270
233 263
34 470
51 341
23 250
325 434
94 166
108 467
138 404
183 400
375 467
216 418
72 394
119 202
257 397
129 486
144 233
115 219
86 205
388 389
175 405
62 241
246 321
122 427
77 465
19 437
50 132
122 461
181 234
8 361
12 378
242 343
98 484
70 228
274 438
114 466
78 388
214 286
1 302
270 455
231 301
287 360
406 497
288 393
59 186
31 95
418 462
120 295
133 183
88 221
47 386
17 449
133 217
239 453
105 126
182 492
251 452
153 478
174 366
227 488
101 258
240 376
247 440
261 264
163 290
159 307
28 349
130 293
134 310
219 493
163 324
220 416
86 89
175 289
350 485
108 487
93 297
250 353
8 245
258 340
25 116
81 497
69 354
53 241
228 437
130 463
124 157
26 183
110 333
30 200
405 424
376 410
360 462
242 392
145 176
136 292
434 459
22 205
177 271
161 323
178 194
132 309
63 74
8 415
18 222
107 312
88 105
397 463
79 331
4 432
255 285
209 400
111 426
422 494
266 492
137 215
24 51
54 465
68 289
25 451
58 482
56 146
145 346
100 384
330 349
3 168
177 441
415 456
59 371
362 478
21 473
122 161
77 199
251 472
91 500
101 307
7 350
179 287
163 339
35 428
383 497
354 483
199 417
51 410
170 437
151 230
286 315
240 430
142 456
11 498
228 287
425 433
395 496
311 346
115 123
40 224
62 145
201 263
359 423
118 348
72 463
303 351
150 443
136 176
319 333
160 284
180 414
34 54
79 215
253 488
210 317
295 390
270 393
483 487
68 139
127 292
213 398
401 495
431 432
54 349
83 363
115 458
184 418
214 355
427 449
185 451
291 412
156 437
64 161
103 459
287 429
104 382
58 497
174 265
263 465
15 51
334 381
305 367
181 473
145 395
38 372
366 476
22 424
138 192
20 88
313 498
199 301
337 496
415 476
122 210
342 368
15 187
130 197
456 489
60 348
133 422
19 225
134 345
195 454
133 456
347 473
289 445
146 344
21 37
123 303
140 174
307 383
343 461
24 406
367 459
154 475
155 398
224 358
126 384
343 495
310 464
314 481
271 310
258 409
25 185
213 282
99 195
303 405
40 409
189 318
25 219
458 471
131 290
335 500
270 408
32 427
188 416
287 313
79 269
164 452
107 347
210 371
63 143
296 477
238 449
78 477
79 400
313 382
51 144
26 422
95 382
129 158
84 196
169 379
268 276
104 436
75 422
202 410
77 103
244 312
216 221
276 407
247 393
149 453
294 345
265 331
121 472
4 16
207 303
241 257
212 353
109 363
326 474
297 460
9 100
170 472
135 152
240 465
196 261
3 407
416 419
167 247
83 97
73 290
347 493
98 321
1 105
168 314
189 202
389 395
302 353
237 410
57 308
58 231
19 410
147 431
14 27
336 451
5 253
75 136
278 423
66 362
352 420
356 437
397 416
139 470
340 421
141 151
227 257
172 488
455 465
227 291
31 68
217 484
235 278
169 263
121 191
199 200
402 487
30 454
231 405
451 453
71 323
366 380
158 187
162 204
18 345
248 310
333 383
6 202
394 492
48 104
52 121
464 485
96 359
113 230
84 216
48 138
222 411
216 241
71 459
85 283
12 65
71 493
112 472
14 498
28 322
248 480
347 377
16 179
171 245
76 365
379 472
7 439
72 382
249 259
81 436
364 413
281 388
98 341
197 238
167 301
224 393
16 349
201 352
224 427
331 421
128 134
171 449
188 320
104 170
349 359
189 387
349 393
348 457
34 177
21 276
35 100
59 208
11 136
140 447
341 398
128 304
83 452
38 325
25 424
80 227
255 423
95 451
14 382
15 140
2 239
235 463
120 453
19 144
321 328
436 448
407 434
133 375
180 183
383 470
163 312
89 171
195 407
150 280
23 292
241 326
113 415
395 469
297 495
76 414
93 285
367 378
1 9
372 428
113 449
123 256
229 327
65 228
200 313
201 236
155 351
27 440
12 250
53 229
388 397
44 345
5 157
144 275
89 341
119 278
136 149
15 475
237 479
74 248
118 486
224 447
323 344
467 478
110 360
65 398
164 405
152 262
12 420
184 357
296 430
70 270
238 402
373 377
397 485
313 335
270 497
51 97
70 304
128 319
112 206
287 402
59 228
263 438
103 466
121 260
190 220
390 413
305 340
182 369
366 449
206 477
308 421
178 386
162 273
54 492
163 196
6 271
223 382
125 408
309 488
13 479
142 313
183 292
243 368
138 330
342 375
41 114
2 293
82 93
72 286
117 447
90 114
44 229
64 469
318 432
289 418
191 444
176 254
392 429
147 384
164 255
368 465
135 241
140 181
384 447
151 388
37 301
44 365
225 398
257 493
139 389
143 406
95 185
328 409
86 301
171 484
87 334
12 435
331 490
128 203
87 368
292 336
119 463
291 400
3 40
7 57
177 313
8 457
320 448
427 442
267 470
35 169
251 344
256 284
199 289
68 331
85 202
75 395
358 372
273 299
100 426
112 391
308 475
178 440
149 426
61 94
31 322
2 308
130 219
236 290
23 196
31 356
379 425
350 411
147 234
19 213
118 220
4 23
237 247
123 160
264 402
85 372
39 487
126 241
81 389
85 406
180 286
56 392
170 479
27 378
144 179
187 494
16 302
26 109
191 498
106 425
58 204
331 374
33 207
332 407
307 410
44 414
160 326
262 270
250 449
34 96
323 379
110 429
328 463
95 239
96 162
316 320
270 435
172 461
242 454
39 167
108 127
312 337
213 440
198 250
283 323
214 363
83 405
85 86
88 167
13 378
17 395
287 471
219 269
46 396
235 416
220 226
92 315
365 485
38 414
222 384
22 466
68 351
198 420
41 52
12 38
51 336
187 344
23 245
59 467
158 364
60 390
342 444
244 470
110 143
146 221
285 339
191 382
57 165
44 264
65 152
49 314
203 347
143 305
249 266
289 487
204 414
310 375
106 440
123 345
48 446
50 127
126 426
196 419
210 243
171 422
266 302
54 241
39 51
14 54
397 404
83 289
90 353
161 269
231 262
60 70
352 447
87 437
406 492
292 405
79 311
418 457
7 126
55 169
337 388
25 397
223 301
177 416
184 480
95 424
301 315
112 329
113 252
273 368
41 67
109 240
276 449
44 148
116 477
163 285
232 245
247 435
347 365
318 351
51 356
350 446
321 432
37 89
207 345
113 388
23 299
138 419
4 92
237 316
208 412
229 300
268 488
27 413
72 409
27 447
163 455
134 441
30 161
332 345
417 418
69 349
185 227
146 406
193 248
19 452
118 459
89 445
75 178
295 336
152 235
17 294
8 410
328 498
86 390
284 294
42 186
43 219
13 282
86 424
185 431
287 375
14 239
121 233
190 193
161 454
121 267
72 123
34 335
231 481
248 352
308 428
95 444
96 367
309 461
165 327
67 353
166 360
125 415
309 495
166 394
268 338
39 406
358 461
80 419
28 364
113 437
347 419
86 104
15 332
229 349
207 399
106 378
278 315
3 498
208 466
180 375
135 248
310 444
225 371
281 430
61 382
228 452
140 285
115 288
1 201
360 477
401 456
104 212
242 407
59 85
259 312
319 498
291 407
262 393
398 401
64 156
103 454
120 325
6 128
26 368
226 286
398 435
280 331
67 237
26 402
138 153
145 361
214 486
100 399
300 317
186 230
36 65
141 378
112 364
132 494
97 174
202 487
158 283
16 105
244 423
379 398
350 384
72 308
208 316
162 431
264 375
35 443
105 326
24 270
20 253
51 425
400 417
371 403
221 238
30 65
168 260
86 158
56 496
155 393
126 379
446 467
228 467
143 394
89 383
417 487
303 400
388 473
245 372
352 366
123 434
406 411
413 475
21 202
140 339
295 405
210 332
37 459
182 241
82 455
296 472
198 223
283 296
259 332
30 400
127 438
248 290
92 288
365 458
366 491
223 390
308 463
178 428
199 316
18 456
150 172
6 313
11 363
378 490
294 340
52 232
43 458
355 449
142 355
129 289
24 285
14 478
215 429
85 394
315 359
162 485
143 278
6 483
30 114
289 460
176 296
48 385
32 272
33 195
122 395
93 381
78 191
19 405
466 481
155 413
225 406
12 312
53 291
388 493
40 424
458 486
114 434
131 305
173 207
58 362
345 356
87 410
406 465
349 470
189 498
8 499
22 323
39 194
337 361
83 432
369 456
108 285
199 331
357 491
46 423
145 430
305 436
46 457
73 135
49 171
407 414
175 223
34 458
33 45
190 447
191 370
420 446
24 305
123 202
208 385
63 493
154 374
56 400
135 167
211 466
281 349
285 366
172 202
29 101
62 229
131 189
30 168
95 111
171 410
58 246
246 343
21 106
189 348
278 438
210 236
249 424
324 357
197 369
151 484
152 242
8 383
39 78
78 376
65 475
40 478
168 499
21 271
110 471
422 462
141 166
374 390
484 494
418 450
199 215
85 128
357 375
447 498
2 103
42 324
276 306
17 437
277 339
18 360
49 55
337 415
191 220
64 279
16 58
239 475
403 425
93 115
297 325
19 139
358 434
264 328
153 500
150 241
39 413
354 451
66 91
300 440
428 461
187 386
45 208
183 403
1 4
243 479
31 418
15 305
350 473
16 228
201 231
482 498
134 429
453 484
105 415
163 477
151 334
250 341
136 144
306 400
310 417
69 342
93 450
209 218
98 390
40 362
253 456
126 468
218 272
385 481
57 377
327 453
279 381
213 366
144 406
302 456
71 188
46 191
131 374
230 271
144 440
86 412
202 290
377 486
361 373
60 146
182 364
337 430
252 357
227 360
198 346
313 466
81 165
36 38
56 168
202 460
226 458
40 42
112 371
44 59
333 452
106 201
358 483
261 267
300 455
101 295
276 491
48 207
49 240
105 299
208 323
265 415
395 484
84 416
98 240
311 334
139 219
110 205
212 471
229 342
111 128
126 352
384 442
53 244
36 373
257 454
271 278
258 377
29 170
114 353
61 375
393 496
131 258
250 395
146 482
78 280
193 290
79 203
253 476
353 406
94 427
210 305
181 291
63 77
67 94
181 325
124 330
223 227
397 500
184 406
100 256
70 319
71 242
369 409
140 477
141 235
43 261
112 221
113 144
202 344
84 130
174 253
59 243
60 166
14 281
263 453
248 263
2 138
70 450
227 375
390 428
259 470
132 482
2 172
63 281
276 375
149 387
124 500
354 355
20 110
219 414
440 495
113 314
28 241
174 423
138 345
338 373
126 202
215 402
199 454
55 430
102 238
404 422
171 198
196 229
3 375
72 335
167 215
400 439
102 272
119 143
5 56
6 456
17 21
15 374
275 276
237 378
191 493
217 248
425 475
94 277
74 147
147 399
89 371
150 480
36 393
339 500
327 357
410 416
40 397
267 315
274 379
258 431
42 78
25 207
209 287
26 274
43 145
235 246
279 484
182 268
132 366
8 472
22 296
3 89
6 170
194 267
52 89
23 75
128 388
14 301
198 381
382 461
273 314
199 338
298 345
42 413
390 482
240 317
163 231
18 449
301 426
60 351
342 405
294 333
219 434
76 333
62 66
232 322
147 249
108 428
101 364
4 38
63 466
268 434
363 424
135 140
338 427
89 255
12 169
151 287
37 200
257 358
143 271
144 194
289 453
441 472
343 498
389 417
48 412
13 92
302 375
104 138
75 124
49 479
107 219
151 457
381 422
47 177
131 327
148 198
123 476
6 20
292 366
296 383
238 355
9 423
6 54
14 185
152 380
27 73
230 360
1 428
145 287
71 311
178 305
231 427
15 74
92 330
106 154
22 481
293 315
268 318
35 369
134 266
56 257
269 351
240 337
150 214
166 471
42 467
69 145
141 474
187 359
112 460
432 438
301 480
272 466
224 245
285 354
315 401
44 279
118 289
278 295
478 488
393 415
78 199
32 314
367 482
221 334
123 360
77 475
48 461
282 443
135 325
12 354
26 178
43 49
36 462
401 402
37 385
66 399
197 391
374 378
345 364
86 385
18 183
132 270
192 456
262 339
141 188
178 189
112 174
132 304
316 384
104 323
292 420
121 228
145 336
17 425
337 403
312 406
214 432
284 425
26 479
95 439
112 344
411 434
60 289
116 458
2 261
55 383
46 499
63 370
276 464
247 450
117 415
5 9
1 26
395 457
61 212
78 83
138 434
208 427
212 444
343 402
9 157
200 301
164 223
22 45
73 347
27 462
44 333
446 447
99 136
388 419
175 435
303 346
124 167
131 231
47 81
86 269
405 434
193 263
118 474
123 414
94 400
107 288
63 84
53 387
152 284
238 390
323 463
144 433
426 487
299 499
51 85
42 201
124 337
26 363
345 418
231 331
166 239
60 139
227 348
14 254
101 118
60 173
260 366
186 225
206 465
305 362
390 435
187 258
362 454
105 156
125 396
195 279
23 164
76 286
191 296
96 416
166 409
351 412
199 427
315 339
371 398
257 311
228 297
347 434
114 210
158 448
176 242
343 451
229 364
236 428
17 28
217 221
232 445
164 243
203 431
336 392
421 465
65 270
249 350
37 289
123 429
115 303
95 173
110 397
360 492
401 471
58 342
213 408
90 437
30 395
320 436
193 448
62 490
292 455
4 462
193 482
67 252
166 259
22 400
341 455
108 231
68 319
435 446
39 305
227 402
100 414
186 245
354 377
27 196
272 385
171 186
60 358
31 344
48 215
147 222
72 323
89 194
261 343
351 466
109 358
264 424
335 340
207 429
142 486
192 239
40 254
258 288
110 247
9 226
384 450
261 479
58 192
97 490
360 376
172 313
152 183
356 393
271 320
58 226
46 83
144 332
1 231
136 206
274 401
176 427
458 481
32 403
61 451
177 219
292 339
352 415
92 133
479 500
181 367
296 487
54 379
373 434
214 385
427 479
313 392
26 432
226 350
231 400
88 189
243 255
55 302
76 190
230 498
77 113
91 414
208 215
18 471
80 338
97 209
81 261
150 221
23 233
125 499
240 344
8 43
28 283
98 166
40 138
244 458
110 131
41 171
375 450
429 495
89 248
133 486
6 498
105 395
233 416
106 428
175 388
363 485
18 20
123 333
164 312
24 470
41 341
278 433
279 356
20 487
136 255
10 25
83 277
70 245
340 431
231 284
431 477
288 376
292 393
377 466
418 445
7 114
116 295
291 491
308 362
3 131
223 289
361 484
148 390
34 303
149 313
21 402
252 337
337 410
81 145
256 341
43 357
198 423
227 471
24 184
130 145
300 401
412 474
42 455
276 437
163 307
347 387
151 164
318 373
220 399
204 286
76 375
106 312
48 284
62 108
19 270
208 400
9 130
19 304
249 269
20 337
453 479
126 298
41 225
196 291
97 428
168 344
110 316
229 453
413 423
16 359
299 336
57 338
12 376
127 221
246 358
4 250
73 485
57 372
307 467
234 249
291 341
66 426
34 153
221 492
54 283
149 163
197 418
381 498
139 500
25 303
110 486
239 320
26 336
209 383
112 167
67 205
152 388
38 301
340 485
455 495
10 210
169 293
174 233
46 322
99 444
100 367
186 198
42 339
158 217
231 469
117 272
88 258
378 409
149 367
219 360
91 449
122 144
183 253
351 385
268 360
150 256
269 393
27 285
11 447
12 95
395 445
51 393
286 298
23 302
257 284
240 413
143 197
98 235
158 421
62 128
229 337
44 321
232 418
3 486
392 424
163 492
106 497
78 241
380 425
33 279
9 315
299 356
21 170
111 293
128 164
356 482
29 301
288 314
131 389
230 286
434 496
320 409
88 108
42 223
177 308
141 230
13 319
132 346
218 452
202 339
87 494
174 248
31 147
235 357
107 446
121 270
280 353
68 292
252 372
269 277
325 336
112 352
51 277
81 214
256 410
13 489
243 344
342 351
326 403
198 492
84 295
358 498
57 72
41 124
290 296
200 207
73 219
77 236
44 205
49 255
118 215
347 422
35 465
204 355
241 356
425 436
176 264
396 422
78 125
69 241
122 363
212 486
200 343
154 458
56 484
384 423
12 280
314 464
281 433
26 104
315 497
72 466
171 363
172 286
44 375
152 156
216 490
327 352
446 489
45 442
114 402
30 252
335 483
185 318
61 424
176 434
32 410
50 204
123 456
65 428
21 224
107 330
22 257
82 443
8 467
78 460
398 438
209 452
23 36
256 260
173 345
174 268
312 463
357 459
60 215
244 295
300 354
107 500
92 310
276 390
34 392
163 226
35 315
150 160
354 370
187 334
165 384
273 445
208 353
84 349
183 356
39 497
269 462
346 409
225 258
186 437
73 273
90 144
129 442
28 421
130 365
45 292
113 494
233 389
289 448
204 375
129 476
393 395
130 399
45 326
33 183
335 367
302 336
171 378
76 498
77 421
392 459
336 400
249 358
118 400
217 297
21 74
188 283
111 197
462 486
136 228
107 214
206 221
69 426
53 313
70 184
40 412
238 316
10 32
79 267
71 141
12 465
43 160
210 369
227 240
87 398
92 160
161 395
337 349
308 335
79 403
292 497
277 307
362 380
248 293
95 385
205 489
91 402
153 434
108 307
273 329
244 315
186 287
42 428
36 122
260 462
44 109
342 420
248 463
105 252
191 358
408 469
57 141
146 231
32 144
62 81
3 405
351 474
106 319
404 486
135 155
81 419
180 316
83 100
122 398
22 25
311 418
167 284
78 194
83 134
28 475
140 226
229 426
270 295
185 222
29 220
200 446
218 240
74 216
30 287
180 486
177 227
245 429
410 451
17 255
8 371
377 454
296 398
263 367
234 353
35 83
205 339
422 450
91 252
222 244
26 343
341 381
92 209
370 395
91 286
295 496
181 409
288 403
252 325
10 217
70 403
117 211
284 420
88 197
42 312
141 319
95 434
1 477
3 158
272 311
128 452
378 382
244 330
45 60
75 474
72 215
106 169
116 453
120 470
235 480
222 414
207 224
407 417
24 177
11 420
330 475
81 303
269 400
211 372
93 268
97 285
297 478
424 466
168 201
372 411
176 188
457 484
2 392
186 472
172 205
2 426
216 443
73 342
264 486
45 361
49 378
105 437
250 329
233 458
30 171
107 118
8 255
77 490
253 444
254 477
205 223
278 475
210 273
107 283
214 277
54 305
139 488
160 376
230 259
214 311
43 229
132 319
231 326
188 488
28 39
288 418
292 435
31 120
103 449
120 320
205 393
75 358
7 156
365 399
366 432
39 251
20 44
149 355
97 135
415 432
440 463
227 479
169 451
220 276
39 416
342 358
126 170
31 290
186 356
298 429
72 269
290 303
247 465
347 395
233 308
90 97
228 292
289 401
395 472
23 329
253 294
208 442
48 360
65 231
367 415
396 429
282 342
339 434
12 253
111 150
380 413
258 365
242 252
328 358
296 297
286 490
70 137
274 347
168 386
442 479
131 246
95 168
200 481
413 465
201 404
19 482
331 473
14 99
234 257
467 481
59 95
164 408
434 484
7 40
197 426
68 149
10 121
78 433
177 330
50 342
209 425
226 296
112 209
13 346
218 479
38 377
288 472
39 300
390 450
13 477
162 276
444 495
116 391
330 408
163 199
88 300
277 430
304 475
236 273
65 81
137 410
7 375
355 444
93 206
268 402
36 211
84 453
1 61
146 320
359 414
31 475
130 372
101 468
33 156
4 142
106 408
172 274
29 173
13 60
450 494
119 296
72 488
393 499
136 201
319 358
175 499
22 114
310 474
180 439
177 180
78 317
79 240
340 377
324 429
128 206
96 145
2 10
402 443
75 262
63 119
115 483
345 448
230 328
231 361
1 396
71 279
206 364
35 172
304 325
67 301
22 449
109 203
283 476
165 372
71 415
170 312
354 392
73 96
125 460
67 432
301 414
42 435
43 468
28 278
326 445
16 135
200 215
174 460
204 232
290 338
244 453
102 275
106 292
375 445
162 461
49 297
203 330
5 93
310 324
180 289
425 478
192 254
253 363
168 290
122 405
25 79
314 472
171 371
156 181
474 478
12 322
295 299
167 388
83 238
73 431
271 335
143 424
356 408
119 350
332 444
90 336
70 206
100 143
245 402
30 294
202 231
61 466
22 299
92 182
295 469
198 253
169 239
366 385
252 298
230 348
427 494
148 385
165 256
71 299
256 302
27 95
231 415
13 415
243 270
227 432
190 292
358 424
121 366
92 352
264 289
163 268
165 426
294 370
81 276
23 248
37 72
11 427
241 282
166 493
212 412
94 198
85 424
170 497
58 91
445 458
257 395
189 193
69 332
359 483
131 199
93 411
77 463
437 497
103 252
5 278
74 238
295 319
83 292
182 189
152 252
153 175
296 386
68 102
96 180
13 265
345 386
4 381
174 194
263 394
14 222
348 467
2 79
74 408
104 345
288 425
230 397
247 268
136 440
133 181
117 233
308 377
148 405
178 342
64 255
239 451
23 132
138 252
207 212
14 358
153 476
387 458
14 392
227 486
329 430
109 272
186 329
383 475
141 477
143 158
330 497
186 363
88 389
272 469
187 396
158 382
461 489
220 414
77 313
31 428
232 379
9 145
147 340
19 319
138 456
12 226
241 467
281 413
196 340
167 326
282 446
122 474
209 228
16 374
413 438
201 377
155 492
331 446
13 149
43 86
171 474
385 491
114 479
30 329
89 482
205 250
409 460
177 269
66 441
37 427
149 212
103 437
255 283
140 438
111 424
7 144
76 104
51 107
251 300
137 213
226 303
127 406
312 409
152 437
55 221
252 367
85 158
214 469
101 140
42 354
124 490
59 369
149 382
21 471
290 291
121 435
101 305
7 348
269 408
66 121
6 412
338 368
424 474
180 242
52 331
53 89
28 367
78 120
69 236
154 419
473 474
2 434
26 65
86 141
126 362
232 433
151 364
233 500
189 296
23 487
122 494
93 480
193 300
328 385
135 382
270 357
140 322
94 437
409 475
12 445
53 424
317 343
55 105
116 214
291 410
3 50
345 455
64 159
219 225
58 495
59 253
76 124
50 369
181 471
247 337
116 379
38 370
222 340
49 100
20 86
382 456
163 221
298 306
330 401
243 359
45 122
69 120
243 393
342 400
101 325
216 335
286 328
261 331
19 223
204 336
293 426
257 348
264 412
114 247
20 290
8 147
195 486
77 382
396 437
336 395
282 384
154 473
367 457
135 266
164 280
140 206
127 140
26 119
143 397
184 266
83 245
274 389
160 302
124 224
328 434
47 138
291 294
127 305
348 386
94 457
348 420
234 333
107 345
295 442
160 467
63 141
197 468
182 278
320 473
214 373
178 295
50 384
42 258
256 275
86 496
181 486
202 374
38 385
127 475
43 325
112 285
341 492
212 215
55 290
46 406
230 486
72 195
42 423
178 431
460 485
378 493
264 296
81 249
294 343
67 459
166 466
48 252
199 484
10 498
216 389
66 224
143 281
445 465
144 204
441 448
30 117
189 200
335 382
4 184
175 410
87 243
359 490
62 246
147 429
33 232
203 488
79 117
13 102
90 324
307 435
46 120
151 433
38 104
196 429
197 352
131 337
17 250
39 61
78 359
214 257
86 346
156 339
353 485
140 391
141 149
110 454
341 376
60 80
283 348
5 421
2 52
85 111
131 473
320 493
262 465
365 476
48 102
235 441
304 401
121 354
190 314
403 408
93 98
268 294
38 439
223 442
41 43
100 471
186 302
85 281
55 344
10 382
80 375
81 298
187 369
69 155
277 492
228 238
28 320
404 467
171 243
94 191
19 292
203 372
453 467
338 457
208 422
225 293
90 208
36 307
105 432
17 100
306 383
22 40
367 492
282 419
168 332
237 457
9 283
229 475
43 59
331 419
14 45
401 412
172 370
74 231
218 255
385 464
29 269
144 389
46 140
115 375
119 392
30 302
145 181
132 280
250 494
206 290
291 363
193 389
377 469
149 185
104 333
21 308
251 273
121 238
7 151
266 497
198 295
283 368
259 404
344 477
443 484
70 418
51 211
81 148
27 137
112 320
277 376
15 138
76 247
321 326
351 373
7 321
3 304
276 474
293 345
264 331
203 256
118 183
223 496
363 372
36 191
241 324
211 387
228 258
183 406
154 392
113 447
9 167
200 311
154 426
155 349
368 443
184 185
188 202
5 155
49 393
99 146
130 483
9 337
111 281
271 397
340 357
82 411
397 449
54 320
397 483
51 95
156 408
127 394
33 437
149 205
29 454
128 351
423 442
305 338
230 439
39 266
7 205
305 372
276 358
178 384
277 391
366 481
49 107
36 41
256 398
440 478
122 181
137 405
273 413
215 385
428 479
261 304
28 355
196 212
167 198
187 438
315 349
64 467
28 389
228 307
134 350
16 246
6 439
1 56
77 355
61 242
31 470
62 165
2 456
48 341
250 262
265 452
207 424
93 337
103 144
261 435
19 361
136 162
180 400
126 389
136 196
12 302
97 485
99 166
15 493
209 270
16 416
413 480
132 184
47 111
201 419
185 306
87 332
57 395
157 215
111 330
103 314
401 481
104 237
271 446
120 219
22 245
161 363
479 495
116 236
8 455
22 279
88 145
10 136
62 500
361 425
165 202
25 360
142 161
280 356
369 446
251 342
341 465
138 178
182 416
152 479
170 273
230 459
244 283
2 175
298 328
390 465
141 403
211 286
18 432
3 242
61 92
350 375
265 302
236 288
174 455
350 409
351 442
322 428
5 54
9 71
37 149
240 436
225 246
12 152
196 232
429 456
6 488
36 260
143 254
97 369
84 468
168 285
146 335
1 110
172 289
147 402
4 191
103 198
104 121
36 396
410 419
380 482
33 336
54 224
324 444
11 87
181 343
67 146
270 433
38 242
29 358
108 125
128 255
312 335
214 361
431 472
317 385
25 375
55 147
242 486
117 179
141 287
13 376
28 123
173 382
158 192
277 329
64 235
2 190
162 306
166 323
133 292
22 464
435 476
283 491
297 315
34 429
125 475
325 393
12 36
330 443
52 257
141 457
456 495
28 293
162 476
232 359
134 385
3 427
5 108
44 296
150 367
36 280
77 424
396 479
237 430
54 108
93 406
25 94
437 458
65 315
164 322
474 493
91 104
66 382
29 242
10 35
245 417
202 246
61 481
32 467
43 197
17 277
217 470
35 71
135 478
166 173
22 314
17 408
10 205
165 271
51 184
125 359
113 216
38 427
173 402
112 327
104 476
173 436
31 258
48 129
121 381
465 467
347 363
3 311
233 276
118 156
59 480
175 248
61 161
6 392
37 87
207 343
424 454
123 193
92 498
321 464
7 459
139 175
216 431
441 490
184 192
70 105
159 470
275 348
229 463
33 240
171 435
77 478
43 81
118 457
302 427
331 441
103 267
336 491
307 477
91 158
409 455
83 307
17 292
352 460
296 401
192 488
144 416
140 433
374 415
86 422
377 496
13 314
234 395
99 420
31 108
75 346
344 499
63 203
235 352
334 359
17 462
247 317
231 479
162 244
202 465
194 339
309 459
96 365
77 158
50 480
67 351
125 413
207 227
76 269
212 277
84 256
153 491
222 451
154 249
68 418
39 404
126 158
338 363
27 295
301 498
167 171
69 197
142 449
342 477
45 233
84 421
318 403
115 116
236 411
200 333
290 456
65 219
278 313
105 440
20 367
90 250
278 347
151 359
339 456
8 258
213 226
53 254
238 257
93 475
282 495
253 481
224 467
140 317
201 426
104 210
271 419
55 66
288 290
136 305
205 265
189 427
55 100
279 440
161 336
1 364
292 438
21 316
140 453
209 413
78 455
190 206
67 235
157 358
91 343
111 473
92 266
181 466
182 389
54 478
259 446
24 98
169 357
186 228
51 253
354 360
240 273
18 405
28 212
386 455
105 159
59 384
174 394
273 401
106 226
290 306
244 421
118 191
117 467
232 312
203 298
105 324
150 320
400 415
28 382
154 434
40 237
122 373
224 317
25 47
28 416
111 153
16 273
86 156
56 494
290 476
31 497
27 480
13 48
217 258
332 378
286 493
356 376
242 289
249 353
29 195
332 412
388 471
160 297
32 386
180 427
352 364
8 312
306 479
267 291
377 395
148 188
238 311
103 336
9 379
94 452
7 43
181 316
266 389
172 432
153 225
39 138
10 124
83 376
38 249
55 120
313 375
3 65
255 347
226 333
3 99
357 435
29 496
273 285
129 151
21 370
149 281
244 271
104 429
91 363
74 492
162 279
251 369
47 434
162 313
134 222
354 380
408 425
81 244
8 26
67 454
212 346
166 461
69 135
200 237
225 268
117 487
44 269
133 469
28 431
134 392
6 481
425 466
359 451
311 379
103 186
396 486
19 403
367 472
118 410
110 284
140 221
310 477
225 404
380 470
167 376
384 487
37 341
196 424
82 337
184 281
83 260
303 418
16 492
43 170
287 326
202 253
406 463
59 152
116 244
7 97
116 278
68 206
320 488
8 497
369 454
251 384
52 114
256 324
108 283
112 300
312 493
212 230
56 228
215 311
170 349
460 500
133 319
243 423
31 362
191 368
31 396
32 154
265 378
351 484
322 470
9 113
199 499
66 205
208 417
5 130
81 429
51 492
228 369
168 327
144 253
16 342
285 495
156 218
62 261
13 117
118 430
119 353
89 416
136 258
5 300
291 324
180 496
66 409
36 472
18 188
221 475
209 332
426 443
96 168
50 283
11 95
4 398
35 93
95 279
67 188
137 181
312 377
14 210
199 213
373 486
10 227
72 94
262 480
17 435
362 410
129 186
333 396
49 53
248 323
173 424
104 464
31 246
45 70
35 263
15 133
76 242
183 236
19 137
24 187
194 443
41 58
297 357
179 253
199 383
11 430
129 356
461 477
15 269
347 390
457 494
176 198
33 97
164 199
3 469
5 150
208 437
264 496
364 426
250 339
78 224
167 314
50 133
54 150
413 426
50 167
168 381
254 487
53 358
57 375
327 451
144 438
316 375
202 288
406 498
173 274
79 317
361 371
33 432
112 199
17 319
323 473
64 127
149 200
292 445
309 316
5 485
205 403
334 347
83 465
162 232
39 261
308 414
313 464
54 485
199 267
226 422
125 401
256 359
97 145
202 458
255 470
128 482
112 369
129 240
202 492
219 363
174 401
273 408
77 185
186 366
92 409
63 395
346 372
147 212
88 426
119 121
363 387
151 216
142 442
113 428
146 310
81 367
69 224
367 391
122 346
343 427
9 182
285 399
368 458
87 162
29 134
196 343
315 480
53 242
27 487
163 495
30 201
332 385
32 359
200 491
192 365
292 295
352 371
89 485
353 404
324 390
409 463
63 75
135 404
66 444
136 327
91 200
121 137
153 232
38 222
68 159
194 211
11 164
369 407
26 388
231 356
185 471
58 483
103 479
235 360
186 216
121 273
99 496
19 41
121 307
107 483
390 460
276 373
44 72
277 406
223 395
240 266
294 311
32 73
93 182
326 406
12 113
428 494
298 459
36 221
10 466
97 330
102 270
187 453
53 126
286 350
143 249
105 351
17 19
229 389
131 140
331 333
16 295
236 453
103 159
192 249
50 71
437 438
104 116
46 88
152 159
356 369
271 296
8 300
78 293
167 383
380 477
417 478
253 489
352 386
110 388
115 328
30 255
454 474
340 387
111 345
57 444
198 243
55 142
344 425
145 265
291 447
223 245
263 466
277 290
284 354
190 248
309 385
80 178
365 444
68 344
357 462
199 336
117 344
3 257
105 201
204 208
114 119
233 256
289 315
48 240
19 226
33 50
138 363
7 405
9 86
138 397
339 348
293 463
310 334
80 479
264 449
167 233
286 370
211 471
228 342
78 177
30 105
83 117
470 484
224 359
28 458
314 482
115 212
275 328
360 401
147 417
332 420
271 345
30 270
99 230
332 454
20 463
32 428
17 238
123 474
192 434
275 493
79 270
103 378
110 442
9 421
210 372
181 358
153 267
370 378
431 487
182 315
402 473
288 386
170 172
56 85
443 452
214 410
230 358
284 403
3 107
71 309
391 397
158 173
129 159
18 331
3 141
43 362
277 344
14 348
15 106
104 471
6 222
76 215
133 307
108 310
293 313
199 356
298 363
37 48
67 462
23 258
8 68
93 251
97 268
67 496
137 489
40 163
372 394
216 392
56 420
172 188
31 423
27 406
2 409
29 87
5 123
44 311
257 405
114 304
151 305
17 88
289 500
175 413
176 336
160 223
52 442
307 438
78 231
282 441
299 312
164 337
139 340
21 126
110 326
82 345
327 424
69 478
397 417
95 267
270 463
71 193
185 390
255 273
43 212
316 382
5 458
22 329
137 174
7 139
259 421
63 198
295 499
251 295
222 281
3 156
214 464
194 334
137 339
226 429
113 265
199 371
173 451
183 258
126 153
334 490
102 189
72 252
118 171
272 479
129 378
146 249
379 473
190 487
350 493
138 432
7 474
457 487
110 210
281 389
498 500
66 281
258 348
233 461
115 247
299 327
1 160
303 344
274 330
124 165
30 208
376 418
360 470
438 450
197 409
148 265
238 388
10 104
214 314
149 222
54 342
323 495
58 456
108 209
43 266
14 252
99 435
100 358
46 347
214 479
107 456
88 249
34 348
366 469
129 228
20 81
187 290
304 458
106 221
222 466
108 379
358 474
268 385
338 378
155 221
211 390
117 433
81 355
98 226
69 212
286 323
113 450
187 460
101 451
200 348
7 494
73 360
123 262
87 184
58 170
163 483
29 156
164 241
421 429
450 477
102 408
89 342
90 265
103 166
278 328
180 388
49 430
151 374
249 348
135 261
204 496
221 367
38 45
327 328
78 266
124 185
115 301
69 416
299 381
41 435
181 311
57 417
172 427
38 210
214 329
317 353
402 426
344 398
161 351
475 500
17 361
316 451
35 155
292 487
309 358
263 473
280 344
67 250
235 382
19 29
23 46
107 471
166 291
68 317
138 200
341 487
81 205
298 316
269 302
256 401
125 443
97 187
243 369
456 463
112 411
16 118
191 314
346 380
117 448
222 486
290 355
162 444
208 363
225 234
264 422
51 438
240 458
310 341
51 472
110 245
84 490
111 168
9 224
360 374
229 416
111 202
200 402
225 399
172 311
392 469
38 94
75 95
46 81
20 436
136 204
173 200
78 320
348 396
34 116
5 377
92 131
66 486
107 355
324 466
12 475
83 391
169 222
124 370
165 239
80 166
156 465
255 362
344 452
256 285
141 275
443 459
28 111
157 422
476 477
263 493
129 166
234 479
15 79
248 303
186 258
102 108
230 496
205 499
3 245
92 335
247 401
460 495
49 164
354 395
325 381
125 463
35 374
76 353
108 448
139 143
130 259
225 249
314 339
200 252
404 462
400 479
257 378
6 496
318 487
115 200
86 186
70 73
250 285
393 420
57 316
65 337
136 253
196 439
83 275
168 458
45 487
209 327
30 297
328 464
299 450
340 429
431 475
402 461
288 374
292 391
29 395
103 405
55 184
230 380
149 311
451 495
20 34
125 347
223 321
394 500
80 220
96 333
51 206
52 129
326 332
28 165
153 459
85 257
108 332
244 340
215 326
199 378
85 291
305 449
298 385
3 299
178 495
247 455
64 408
163 305
175 270
176 193
31 411
32 169
449 473
108 468
48 316
78 88
268 474
482 491
41 223
5 145
281 362
400 499
66 254
257 398
70 93
274 303
228 418
258 355
200 437
41 388
275 370
188 328
57 370
58 293
147 493
320 353
107 259
206 266
262 325
149 161
221 490
35 74
459 476
87 443
38 299
199 228
471 475
145 327
71 351
158 215
28 180
117 270
49 68
386 423
105 127
272 336
79 482
492 494
195 250
130 158
15 148
220 281
182 493
120 495
232 246
101 288
436 456
208 282
293 355
338 351
241 300
354 498
27 317
11 479
461 492
69 219
86 90
282 313
372 436
31 431
139 212
130 328
216 434
186 497
33 112
201 244
102 381
119 252
303 332
49 403
131 217
106 495
77 481
37 294
94 386
79 196
196 474
11 28
266 357
385 494
167 494
197 431
160 401
245 474
259 298
430 477
345 438
104 363
67 223
235 355
304 315
305 348
280 351
182 377
166 264
153 363
49 83
214 472
148 457
51 241
42 357
141 364
23 184
129 255
113 307
55 389
191 287
273 423
216 318
72 294
162 417
261 314
3 368
80 425
81 382
208 467
140 155
314 428
65 256
164 263
21 52
126 365
225 372
150 473
315 495
36 386
87 211
38 67
25 166
184 249
1 236
176 432
146 495
127 288
292 310
123 454
120 195
205 268
377 417
234 316
177 321
83 364
53 427
8 465
39 160
308 313
125 266
223 240
165 212
54 384
100 269
25 370
239 387
209 450
345 458
96 286
29 484
259 483
88 291
72 178
148 477
47 456
178 414
333 480
223 410
175 189
179 206
146 175
248 441
106 263
326 421
138 358
9 81
268 427
36 236
310 329
159 377
28 419
97 379
15 387
200 390
77 419
74 160
466 467
237 425
119 321
104 131
392 491
46 103
136 226
8 315
225 426
98 438
197 335
327 404
95 213
41 477
454 489
140 374
201 483
43 192
184 434
90 477
169 244
75 287
414 433
320 476
3 102
162 185
26 457
222 392
109 228
24 155
71 440
88 345
187 352
44 141
159 261
113 376
248 461
14 479
190 433
200 240
220 370
48 255
147 262
322 492
364 394
204 422
254 324
310 383
192 279
61 321
281 369
23 423
40 294
25 104
115 227
95 97
359 493
130 451
127 192
111 244
188 301
29 252
279 347
249 410
49 492
115 358
17 253
319 437
221 463
320 360
206 273
32 477
352 455
91 250
111 380
7 100
92 173
135 488
251 256
5 453
295 494
83 433
56 100
223 309
443 467
414 453
100 338
80 208
85 148
55 211
56 134
256 327
11 282
14 363
277 359
15 121
248 345
130 131
334 451
220 254
174 369
387 463
116 451
305 471
179 241
133 356
34 493
383 485
211 370
11 452
297 476
40 178
12 197
200 294
290 417
286 434
90 211
392 395
159 446
115 242
417 426
393 462
275 358
245 311
490 500
19 460
249 425
409 431
278 473
201 387
41 415
68 93
107 281
39 79
128 169
296 411
54 303
55 61
39 113
259 271
238 383
95 282
141 201
374 425
103 413
104 336
76 80
14 247
31 118
418 485
334 335
390 394
259 436
182 350
133 206
138 146
105 115
3 171
64 280
149 353
54 473
97 133
51 248
159 165
130 151
45 78
16 64
183 273
154 259
174 389
338 339
41 95
199 420
143 183
465 497
461 480
158 407
163 347
115 126
220 439
290 432
359 392
62 148
33 134
122 334
109 433
77 372
425 441
74 113
154 429
208 474
196 331
83 167
446 460
167 351
332 373
286 488
228 460
299 376
41 430
48 494
263 269
218 307
99 314
5 357
92 111
34 193
148 314
80 112
54 357
51 98
35 150
6 136
210 456
96 259
28 57
280 339
23 41
112 241
28 91
283 420
113 164
68 312
244 266
444 459
230 476
177 498
333 487
45 127
190 386
63 398
48 208
32 95
321 378
93 204
162 439
39 468
49 275
37 132
88 434
28 392
253 341
129 447
15 360
13 24
200 363
237 364
87 199
232 458
118 371
4 174
89 357
336 405
73 409
179 480
160 273
164 290
151 389
364 483
47 109
306 489
192 402
95 186
96 109
185 309
41 450
127 281
65 448
210 340
96 143
71 243
189 457
131 429
17 342
141 270
345 480
132 386
103 482
365 432
23 61
162 289
464 473
223 398
329 359
325 376
11 371
51 317
243 384
112 426
219 420
200 213
154 328
220 343
146 202
16 167
200 247
285 320
55 465
63 452
375 443
163 382
310 322
347 496
151 273
61 294
396 462
83 105
237 413
224 347
110 260
200 383
40 301
126 407
140 231
196 400
73 429
104 124
356 406
143 422
327 392
75 110
98 460
69 446
119 348
44 449
42 113
160 327
116 123
1 278
185 358
287 302
206 246
57 447
59 128
64 68
119 479
90 465
6 40
193 379
279 485
67 149
2 57
120 271
266 453
169 237
451 456
80 181
25 412
23 76
11 255
316 486
113 199
272 282
154 178
358 388
59 332
365 486
31 241
215 321
186 307
72 220
276 430
293 301
412 438
3 294
20 165
187 374
407 422
233 259
408 455
15 259
265 354
325 430
355 477
424 437
67 484
65 148
237 297
164 189
211 474
232 362
72 390
258 316
228 379
143 306
445 490
233 429
303 312
70 88
40 316
389 418
176 324
359 481
237 433
18 33
188 289
122 423
9 259
193 229
13 127
302 410
74 236
46 145
164 359
152 216
107 254
22 181
177 247
66 419
151 492
54 276
100 195
71 181
156 364
157 287
226 247
111 402
218 396
198 300
161 435
30 477
17 411
3 144
72 104
305 328
47 382
337 423
6 225
20 49
125 362
106 155
50 463
137 327
128 443
309 476
113 253
108 347
10 373
428 435
85 306
354 459
80 400
51 386
88 387
149 496
176 208
16 236
321 467
4 93
278 296
310 391
225 318
281 377
150 419
52 479
380 418
23 465
40 336
69 350
139 343
228 433
110 329
442 450
111 252
140 266
132 140
185 262
270 335
389 472
155 490
13 147
14 70
87 322
75 179
213 374
1 313
319 445
349 382
115 434
230 279
30 361
96 232
50 347
309 326
280 312
166 225
5 495
157 341
120 340
11 159
182 372
29 464
313 474
382 434
255 446
230 449
444 466
173 454
187 278
243 337
43 419
219 373
57 65
31 310
251 468
32 68
207 264
105 307
126 195
81 343
37 139
28 365
311 342
78 118
129 420
176 228
343 437
9 192
111 136
110 213
60 494
232 431
228 448
274 367
47 116
278 481
352 381
34 84
123 449
103 319
140 320
324 400
26 233
210 313
67 102
182 222
136 337
426 488
397 474
53 422
317 341
39 155
144 468
230 299
80 134
100 264
51 120
160 450
345 453
149 230
103 455
218 465
174 261
43 303
120 360
74 475
288 492
309 380
48 65
133 248
108 251
177 486
283 447
49 132
27 182
11 344
255 500
243 357
43 439
212 329
166 444
39 456
154 301
60 344
155 224
130 227
2 316
27 347
44 218
57 119
375 416
82 150
129 435
228 332
180 260
347 469
49 302
35 478
204 368
195 484
359 434
78 138
168 261
450 480
147 407
367 455
19 386
155 394
21 67
254 401
225 387
150 488
384 470
385 393
172 299
152 169
25 181
281 480
196 407
98 433
69 419
303 401
189 314
17 199
1 251
306 482
406 446
193 352
377 432
348 418
145 241
119 486
22 270
266 426
283 297
68 189
177 370
313 378
124 392
202 372
28 133
104 432
38 417
170 298
75 418
46 404
358 395
300 367
19 71
186 280
72 193
18 457
117 354
408 428
220 365
7 381
122 226
32 137
108 436
269 475
254 285
211 447
52 398
27 401
28 434
114 265
98 317
1 101
175 374
15 402
275 304
200 405
58 227
246 324
203 486
188 296
307 433
181 203
136 241
17 248
95 228
214 255
42 140
345 357
96 185
13 270
99 376
218 403
188 466
317 410
85 109
161 408
447 479
116 281
117 204
158 183
17 418
34 289
361 470
15 82
20 22
15 116
45 53
104 481
439 484
91 415
67 341
153 447
252 454
358 415
81 262
298 373
126 148
241 268
301 454
52 282
228 236
212 398
486 491
342 467
159 310
146 244
2 385
16 209
4 66
478 496
160 199
66 242
364 409
311 431
98 337
380 391
123 368
110 302
9 281
124 126
95 112
282 451
441 500
253 437
110 336
360 431
217 330
82 355
53 341
152 238
57 358
401 410
302 403
242 361
30 300
214 270
20 493
189 383
374 386
345 372
185 400
292 394
217 495
149 183
348 487
166 198
205 386
140 443
222 257
251 271
92 222
136 426
63 208
121 236
366 425
109 127
177 439
71 339
26 487
141 332
142 255
96 370
11 297
159 160
333 433
76 245
300 436
147 161
102 199
162 385
232 268
134 294
436 478
20 207
293 377
7 450
207 368
297 491
268 477
183 438
85 464
101 446
87 179
143 348
258 358
144 271
20 377
70 130
32 342
364 463
33 265
335 449
161 176
336 482
78 261
360 480
89 468
438 460
74 278
94 408
210 286
135 387
271 395
356 468
182 229
152 292
238 398
10 114
115 427
11 147
70 300
255 303
161 346
361 374
185 454
87 480
156 440
173 311
58 466
15 20
205 406
365 412
47 390
136 480
153 351
419 457
178 382
17 487
148 445
18 410
248 375
223 378
308 451
61 70
386 431
265 280
355 403
76 294
96 424
166 417
24 239
41 110
169 498
399 463
53 75
286 299
27 320
97 313
216 340
232 288
167 196
119 124
53 109
371 406
44 225
142 474
129 408
257 319
72 316
396 408
265 450
188 215
290 481
94 258
336 366
78 145
19 359
147 380
164 251
24 409
150 461
135 271
197 303
184 237
381 383
380 460
45 428
96 104
12 431
43 126
132 216
217 399
317 329
406 419
288 315
259 301
145 214
70 315
55 125
479 493
131 424
66 481
17 337
63 112
78 446
178 266
149 252
125 288
423 455
365 427
166 267
142 193
113 179
198 362
181 491
317 499
153 400
85 198
260 394
99 499
42 394
36 88
330 421
248 429
59 443
191 324
404 418
290 331
76 314
261 317
2 338
265 334
138 346
92 461
322 426
63 447
39 483
338 408
151 268
286 353
371 426
6 486
143 252
396 457
253 356
110 255
201 301
87 214
331 370
302 356
74 182
49 460
189 336
151 438
299 411
238 336
94 477
96 158
66 496
153 250
213 470
230 341
260 278
117 177
277 293
103 497
35 185
127 495
79 423
43 345
59 293
476 487
2 188
91 388
121 325
7 238
412 433
268 299
20 160
240 318
194 433
11 386
166 452
112 441
122 248
355 472
326 458
297 444
272 447
108 458
60 386
200 262
290 385
44 260
232 357
351 494
118 270
322 480
249 262
66 215
131 158
30 137
311 404
52 425
78 180
253 376
168 303
123 341
192 301
65 313
135 306
126 422
102 458
197 338
218 226
36 443
54 237
271 348
327 407
213 320
71 142
30 307
231 258
193 360
35 69
59 177
312 353
152 381
116 303
455 488
308 370
184 476
83 455
398 493
100 326
284 406
28 141
97 101
113 248
212 255
68 396
38 459
55 330
428 430
88 348
3 275
73 158
133 344
18 499
351 378
105 253
318 347
6 390
256 485
220 407
60 435
52 309
7 457
314 369
183 411
85 437
285 355
171 268
111 116
81 454
150 414
73 328
172 225
257 408
416 491
159 468
364 436
335 422
17 125
171 433
13 142
33 272
217 352
90 364
295 332
295 366
82 382
266 352
328 494
96 193
51 66
42 182
124 318
345 399
86 420
181 410
185 427
173 284
340 493
348 480
312 402
218 445
418 473
283 388
116 323
70 438
3 159
391 449
337 438
173 449
50 478
220 291
76 267
280 477
84 254
19 162
39 402
155 170
10 388
12 69
428 450
36 177
155 204
186 376
167 169
102 226
82 96
45 231
114 191
204 314
15 328
237 332
106 374
336 339
57 230
290 454
134 452
249 297
278 345
49 413
368 468
250 364
339 454
281 426
213 224
32 364
83 189
253 445
168 372
123 410
79 206
86 270
210 308
14 85
44 499
377 378
344 347
99 302
90 418
71 211
1 362
116 207
206 330
88 116
50 328
209 411
11 174
120 355
108 212
152 450
182 387
68 300
25 462
85 171
288 458
71 381
27 177
142 297
240 271
187 293
159 202
130 188
15 178
76 287
57 80
2 311
350 380
101 318
203 262
207 279
293 385
94 115
133 413
138 353
105 322
118 223
338 381
51 421
52 344
236 424
221 234
144 148
265 472
23 364
253 329
139 242
201 274
203 432
99 152
75 78
46 64
213 273
245 368
131 281
33 307
206 214
292 320
120 205
94 450
74 320
125 145
65 436
9 377
66 469
266 387
172 430
12 458
128 226
92 148
198 219
37 489
252 264
213 443
30 396
115 469
369 432
71 265
51 135
142 181
1 416
231 381
59 266
263 476
4 497
14 304
47 432
162 277
120 409
91 395
305 412
162 311
179 182
133 297
298 319
378 486
67 418
97 190
166 425
379 409
51 305
98 113
11 393
212 344
68 485
137 445
57 134
126 259
215 459
89 229
257 361
143 274
49 317
6 479
16 286
289 456
16 320
4 177
307 394
154 486
135 279
136 202
12 308
22 149
12 342
98 448
69 434
258 454
209 310
115 353
71 149
246 455
132 258
18 171
173 237
406 461
58 392
288 357
99 371
92 168
145 290
182 291
22 319
39 190
206 399
194 256
178 308
369 452
21 383
194 290
81 126
127 488
23 98
112 298
28 148
56 226
412 455
85 274
260 470
460 498
18 472
187 362
204 233
89 113
64 391
248 471
432 441
190 443
408 477
61 166
321 435
89 244
110 132
49 332
108 485
368 387
225 286
53 171
37 223
143 294
70 76
193 217
331 412
118 428
21 102
218 248
189 344
205 216
5 298
90 371
62 390
32 453
177 235
64 71
153 161
238 344
426 441
40 474
50 281
26 317
430 445
316 358
251 266
484 490
312 375
184 464
218 418
373 484
30 465
2 99
101 106
177 405
141 327
178 328
17 433
129 184
49 51
79 465
391 456
60 258
13 450
16 54
77 163
24 185
208 265
293 338
179 251
11 428
12 76
97 259
187 382
243 441
142 420
143 178
457 492
33 95
172 213
147 326
29 112
4 115
49 386
250 337
136 140
107 126
77 464
310 413
193 232
37 277
8 263
40 358
157 159
360 446
128 145
181 267
266 340
53 356
53 390
160 384
144 436
374 401
161 307
141 177
3 16
78 392
141 211
161 341
4 416
173 306
280 300
251 286
121 251
38 336
337 426
206 468
223 339
312 429
240 244
231 470
284 482
255 468
469 485
129 238
333 448
220 284
55 372
273 406
300 451
121 421
73 200
57 87
375 384
134 309
105 295
90 105
379 498
363 385
66 141
325 487
424 494
281 283
62 158
138 457
40 208
7 499
109 443
285 397
172 233
167 327
286 464
184 232
303 369
189 282
30 233
47 104
192 363
32 391
148 159
217 394
467 489
21 171
249 489
119 454
353 436
210 335
53 410
296 441
17 332
8 448
68 157
313 346
165 195
141 231
374 455
287 413
157 378
370 472
215 228
304 318
169 343
85 193
288 480
334 365
117 288
63 277
35 296
36 54
179 189
146 158
248 424
333 497
23 187
325 371
411 477
84 296
9 30
154 289
65 123
154 323
215 432
130 346
6 452
30 83
159 394
343 474
237 374
171 359
93 350
217 244
46 86
339 496
410 412
53 294
70 165
71 88
258 427
124 210
9 365
413 493
184 286
11 46
79 248
67 105
185 319
275 442
127 291
14 127
188 400
402 417
348 406
312 328
53 459
235 242
169 227
121 155
288 364
349 473
320 459
252 257
3 85
292 478
296 495
277 288
4 485
337 364
394 456
14 297
68 342
22 457
10 314
55 310
42 409
170 320
27 219
44 90
3 255
256 460
15 220
16 143
105 233
59 458
273 475
77 252
265 349
137 438
215 447
351 455
118 231
109 347
63 462
9 84
134 378
126 252
90 174
400 455
265 480
37 196
8 182
28 422
98 305
236 500
40 277
139 284
343 494
58 215
360 399
203 474
213 281
188 284
1 254
136 229
22 142
381 418
34 107
221 446
263 348
353 471
422 431
26 290
164 485
201 486
135 471
38 255
283 334
152 376
313 415
178 301
120 417
304 387
276 406
116 434
7 287
125 488
51 347
113 379
67 494
98 189
137 487
60 401
139 168
24 323
102 303
172 186
31 421
29 85
416 452
1 138
221 296
393 445
62 247
275 341
250 344
122 433
93 419
193 239
95 100
282 439
50 138
295 327
66 395
69 476
54 286
141 150
30 322
226 257
246 497
345 394
47 227
58 434
377 489
205 374
120 301
91 287
259 419
280 307
247 276
182 333
83 470
124 449
125 372
11 285
165 318
330 340
301 326
157 467
141 354
256 364
226 427
355 371
130 134
159 182
329 438
2 257
199 403
101 264
170 389
27 288
162 373
143 166
436 466
187 404
204 275
293 365
175 261
59 493
61 174
408 485
8 86
350 491
420 484
139 188
4 103
110 174
154 412
89 320
24 377
109 450
310 401
111 131
66 279
53 213
27 458
54 136
241 475
37 265
99 132
204 445
228 443
110 339
143 370
413 446
58 284
157 181
33 287
91 171
206 291
8 421
10 102
148 297
239 343
95 319
11 169
152 411
173 299
68 261
43 264
128 337
99 433
283 403
169 316
68 295
99 467
1 493
448 459
390 431
141 369
162 257
132 485
133 243
149 356
333 436
301 375
49 93
158 274
248 397
91 472
220 306
92 395
212 290
251 478
68 431
154 296
269 416
12 118
40 196
97 335
347 430
30 56
69 244
183 441
139 237
16 266
33 137
4 123
201 269
57 245
13 41
102 406
72 469
336 388
151 372
22 95
62 316
306 472
94 411
193 308
328 393
413 466
253 494
110 393
26 243
167 485
53 398
454 479
12 453
157 235
214 327
55 113
63 100
145 236
132 335
86 450
231 342
117 145
374 477
13 342
141 253
35 153
22 396
121 293
280 376
48 75
153 388
165 353
382 464
100 410
34 395
354 373
325 359
112 375
98 108
44 97
28 259
16 116
183 325
154 311
171 182
147 218
200 230
72 319
92 449
375 426
20 264
179 347
371 414
76 467
61 277
81 407
52 393
87 202
26 127
188 257
87 236
203 481
20 434
175 500
189 324
245 383
42 96
250 433
221 419
193 328
262 288
292 335
246 450
120 220
121 143
210 343
119 496
206 360
55 133
39 185
209 441
213 458
230 329
11 204
51 150
42 266
124 402
226 346
125 325
84 168
156 497
243 251
60 204
304 360
91 376
154 195
216 227
3 243
88 316
64 352
264 270
6 324
233 242
208 245
61 127
35 372
66 67
207 309
39 486
244 488
346 432
215 474
88 486
82 180
371 463
363 447
105 391
289 471
245 267
131 180
229 429
122 406
103 199
77 444
421 496
48 430
19 416
224 384
140 234
74 219
307 443
249 415
136 251
78 333
197 360
70 207
40 435
100 144
25 245
78 367
95 238
69 483
40 469
140 399
103 369
242 487
377 462
59 165
234 361
205 347
104 326
259 392
148 386
17 428
178 323
35 222
223 319
81 141
22 465
108 296
227 433
297 316
169 405
68 384
38 447
39 370
153 457
10 356
216 247
85 289
49 182
272 450
178 493
342 443
228 246
35 392
220 395
207 363
78 86
138 437
89 293
196 287
81 442
371 483
8 224
143 309
281 394
159 456
28 498
25 129
140 249
413 419
176 361
376 389
147 457
13 130
44 467
58 291
147 491
99 270
90 386
320 351
205 231
160 379
131 365
381 460
149 159
267 373
320 385
292 404
296 421
50 296
140 419
6 92
430 460
152 384
38 297
340 481
58 427
26 366
370 418
227 317
113 120
84 106
85 139
116 311
80 233
70 426
260 369
117 268
20 52
45 83
304 429
334 476
251 451
120 493
101 286
138 287
440 471
64 421
65 69
383 476
35 407
240 375
424 455
81 326
82 84
142 435
228 266
158 417
176 211
31 429
45 253
343 420
216 432
285 392
359 402
416 494
332 344
90 236
74 123
307 347
257 445
66 272
37 258
81 496
66 306
126 479
127 237
164 411
41 440
153 191
340 365
317 324
99 324
434 492
70 310
88 104
160 433
131 419
178 227
14 238
103 438
309 329
423 450
305 346
64 305
35 291
308 461
195 297
378 454
187 281
226 469
212 312
268 371
191 285
358 494
300 466
12 106
101 306
404 413
375 399
117 453
233 331
64 475
15 331
106 377
78 121
69 237
207 432
237 369
21 50
41 290
12 276
111 173
36 384
271 289
30 214
44 405
189 297
124 205
58 326
62 343
5 348
320 420
189 462
291 406
214 354
83 396
398 434
165 210
50 365
209 448
309 378
173 341
58 496
59 254
128 379
341 473
227 386
157 393
198 372
169 358
288 495
60 211
100 432
107 496
186 263
72 176
61 100
35 345
52 216
248 439
7 364
76 324
212 332
351 450
7 398
55 441
269 458
171 209
211 430
315 377
69 252
44 255
28 417
168 293
129 472
61 270
72 477
237 389
307 382
127 170
13 83
119 319
5 232
94 322
279 325
151 414
20 456
433 468
410 427
266 293
221 441
323 385
124 225
78 340
115 341
96 134
270 407
139 449
140 372
316 326
58 380
370 371
288 379
75 285
56 78
132 377
162 183
47 338
17 401
15 65
202 404
34 272
423 485
96 304
21 405
48 83
128 399
7 248
63 307
84 195
464 498
166 331
10 329
55 325
102 133
36 118
73 119
354 415
142 354
211 314
330 451
42 458
187 350
272 423
40 122
44 139
14 477
243 409
129 322
200 238
290 361
62 77
314 359
220 402
4 49
138 410
20 306
254 288
80 492
179 389
189 196
429 484
265 495
240 498
339 395
17 81
204 420
61 319
197 217
367 473
441 483
299 305
140 256
82 338
73 454
58 264
184 316
136 244
71 152
16 493
131 338
132 261
231 268
406 464
79 283
381 467
217 478
352 453
205 335
422 446
74 377
26 305
210 385
164 500
91 248
341 377
198 276
54 417
170 185
85 112
10 213
30 453
382 390
71 322
113 224
387 427
45 56
190 315
273 374
19 123
91 452
22 492
150 225
165 449
35 414
32 155
383 483
23 271
256 495
241 305
183 387
268 460
40 176
253 270
224 256
126 282
457 480
212 435
183 421
196 309
82 222
286 432
5 136
45 357
478 499
393 426
176 349
275 356
18 58
106 500
192 331
94 357
48 472
93 434
490 498
336 499
205 219
295 342
180 497
36 473
151 483
152 241
181 255
8 382
196 479
54 301
39 111
242 398
213 384
99 297
214 307
184 370
71 206
157 312
13 288
174 217
60 130
49 54
247 325
252 375
49 88
124 464
95 450
76 243
50 488
96 373
21 474
222 425
226 442
207 235
183 271
39 412
109 295
101 279
186 352
102 202
240 397
290 299
228 254
97 296
49 224
102 236
407 467
89 170
286 316
44 208
159 328
220 437
106 350
60 465
78 94
4 118
425 439
396 425
48 356
249 307
254 357
225 343
22 56
107 129
286 452
257 438
107 163
311 483
197 286
82 276
168 382
54 185
209 251
270 360
19 478
147 499
171 497
74 281
59 91
46 190
377 388
136 313
262 365
33 433
136 347
62 481
292 446
296 463
267 449
238 435
141 219
423 438
287 401
137 236
111 481
138 159
68 310
99 482
2 156
269 295
145 401
18 413
3 223
178 419
469 493
220 321
76 297
2 321
92 444
109 315
39 466
66 144
10 452
240 417
338 391
12 133
399 500
6 469
286 336
53 112
371 409
347 445
98 273
115 144
30 71
187 473
253 339
372 476
176 253
62 166
216 474
87 197
176 287
48 376
274 358
66 314
148 162
267 299
405 494
95 184
65 412
40 415
111 331
91 201
95 218
210 338
87 367
29 339
242 433
70 318
42 227
30 406
145 251
262 419
127 444
361 426
13 357
35 168
190 234
46 375
21 378
423 492
394 478
222 363
138 213
80 295
300 343
56 221
36 91
42 431
272 396
40 95
59 446
174 456
243 416
342 423
31 355
110 122
215 435
200 245
347 460
118 253
233 373
5 89
15 373
106 419
146 365
79 86
4 187
24 427
9 237
50 106
466 487
139 306
200 415
266 281
87 251
258 430
327 390
29 223
388 499
144 377
115 363
202 227
176 472
127 328
79 256
33 371
62 385
21 228
104 287
59 160
164 473
348 443
21 262
418 436
182 301
312 370
79 421
194 266
35 217
67 312
202 397
183 190
13 411
154 210
191 211
117 345
162 341
117 379
49 177
3 292
88 365
89 123
175 229
149 474
61 142
265 352
236 338
84 353
48 275
33 85
7 440
207 358
314 352
229 279
216 412
3 428
286 405
97 419
134 420
115 213
175 399
131 195
221 318
103 214
48 445
360 436
217 335
237 465
103 248
5 274
278 444
210 242
180 470
36 446
135 343
254 480
242 337
177 245
151 490
53 351
181 262
34 144
352 441
54 274
140 414
255 259
374 396
43 198
13 261
111 400
87 436
128 305
312 385
31 89
85 134
88 215
34 314
133 211
49 61
219 317
308 407
91 440
309 474
297 331
222 432
137 359
100 494
428 433
399 419
72 238
269 384
69 178
113 416
219 487
146 269
2 410
236 392
200 314
72 403
261 423
65 200
249 280
339 403
310 389
105 455
196 336
54 158
110 327
200 450
87 320
104 191
320 366
55 81
116 190
8 409
88 99
62 454
64 135
34 198
110 497
6 107
369 400
26 381
108 195
24 45
382 398
170 227
198 352
199 275
141 357
260 384
211 240
105 140
277 399
21 467
248 385
130 171
57 63
61 80
146 153
116 491
2 294
64 436
199 411
34 499
338 364
5 42
80 418
257 295
11 492
241 347
97 323
367 399
24 380
130 341
188 225
53 250
143 373
232 463
49 416
332 393
136 170
303 379
388 452
189 292
275 398
267 272
124 171
95 157
148 169
33 324
224 468
21 181
164 426
152 283
454 467
356 493
107 321
340 380
99 305
100 228
267 437
288 325
10 139
99 339
11 172
398 429
33 460
317 470
74 473
101 151
75 396
92 267
305 361
276 347
47 415
116 375
68 303
10 275
133 280
194 389
80 302
61 95
236 291
355 428
14 423
84 306
9 40
174 429
108 414
39 454
12 121
200 218
298 467
315 338
56 359
285 291
257 310
163 353
97 338
102 278
257 344
233 380
17 27
204 366
106 392
20 286
2 479
52 381
138 487
122 374
106 426
93 360
221 271
74 153
183 483
154 469
368 486
111 188
66 336
23 498
73 400
38 80
8 308
410 422
99 189
168 424
40 403
238 307
42 84
228 500
328 430
132 207
11 56
161 255
246 438
316 321
74 323
58 375
65 439
59 133
377 430
263 343
6 11
31 42
107 341
91 228
324 452
92 151
266 424
320 469
206 382
427 463
256 271
141 295
13 384
300 365
330 412
3 231
269 337
145 443
116 429
20 136
195 332
294 339
35 360
15 230
265 325
236 311
37 41
52 231
60 391
290 356
137 448
121 500
355 482
63 472
170 466
154 353
285 311
10 494
150 336
368 370
52 396
66 220
82 168
86 172
159 424
62 208
16 323
26 130
299 300
106 446
201 326
331 395
118 411
21 85
181 201
136 239
177 218
221 456
8 362
98 485
69 471
96 149
79 278
50 264
209 347
9 429
316 341
201 496
128 278
214 384
169 257
288 394
213 495
30 448
313 425
178 311
248 304
76 189
129 201
21 420
31 227
91 413
403 404
297 304
166 346
38 435
137 332
68 372
118 125
223 438
194 424
268 324
66 70
10 378
325 416
41 73
194 458
80 371
117 372
399 426
40 137
248 474
432 444
347 371
187 399
69 185
342 465
45 221
110 164
15 284
190 480
72 376
285 360
63 492
85 442
261 396
19 288
29 95
3 450
189 211
179 404
250 320
204 435
107 109
81 464
367 488
282 415
54 131
130 430
110 300
9 279
282 449
155 461
353 365
13 118
82 353
172 366
143 462
302 435
259 264
374 384
144 419
221 476
185 398
193 385
177 272
178 195
348 451
50 284
231 317
18 223
104 329
193 419
239 304
377 499
79 332
50 318
120 311
5 466
83 446
39 242
214 438
313 445
199 248
34 336
96 368
28 166
67 354
391 459
158 235
130 144
46 471
300 434
102 197
73 183
118 179
208 302
195 401
383 498
98 219
113 443
41 258
216 454
171 327
188 198
30 182
119 272
90 258
45 406
161 174
131 237
335 447
122 463
17 150
389 492
50 168
103 290
205 234
210 284
249 472
197 417
82 407
381 497
53 393
38 203
55 74
242 413
124 309
344 357
10 112
369 388
42 207
140 456
185 452
67 238
173 309
127 424
59 222
14 260
31 131
15 18
2 117
219 228
74 446
190 214
230 435
47 388
17 451
132 461
390 441
178 380
49 103
239 489
20 89
95 465
59 387
21 489
61 68
51 261
36 71
183 286
222 474
155 195
244 395
36 202
155 229
