1000 5000
807 915
39 631
441 567
517 866
389 512
12 429
234 302
637 816
376 611
381 551
21 373
340 538
28 856
344 542
405 795
62 666
188 718
220 336
90 778
4 17
208 337
510 521
200 997
345 779
270 880
144 959
331 368
351 608
262 885
444 841
522 821
442 510
421 656
140 360
164 468
311 717
503 784
821 916
488 594
449 883
44 743
549 559
93 853
512 872
340 757
108 456
446 993
575 662
889 942
231 741
94 946
21 107
238 970
354 738
397 398
57 460
229 609
292 399
90 512
236 838
41 682
101 868
576 912
345 678
490 937
224 865
348 793
518 577
905 944
325 574
184 809
211 521
92 698
218 273
378 866
726 935
226 881
776 858
210 422
716 816
215 839
174 205
615 617
114 640
850 999
306 741
929 936
60 283
336 822
304 439
636 670
49 862
516 780
884 940
39 434
708 991
172 859
13 645
276 628
670 747
315 619
604 902
674 929
475 481
411 938
235 363
8 589
57 699
450 929
45 899
66 787
365 733
69 247
152 783
501 775
17 813
117 633
146 469
205 897
131 279
365 903
812 979
246 433
381 539
541 545
617 988
27 811
176 610
89 678
431 606
49 766
418 574
405 817
97 188
643 803
157 573
154 314
685 705
358 524
227 566
717 834
65 905
234 795
756 791
179 515
209 929
36 414
432 725
616 805
345 350
165 895
524 694
296 520
196 721
614 673
327 713
431 660
576 919
47 484
444 548
345 651
320 654
650 916
795 842
435 630
34 583
407 573
143 292
98 330
112 631
359 501
450 547
559 728
351 684
91 127
413 572
358 913
126 612
157 307
330 966
274 619
474 812
478 829
175 756
287 507
262 510
94 687
540 861
240 358
428 455
128 594
514 595
288 744
628 852
395 628
405 435
19 468
372 587
526 895
82 368
171 458
165 794
187 715
489 899
584 779
200 603
161 339
764 881
408 961
81 780
249 637
49 719
470 862
2 903
733 879
290 309
693 789
246 857
21 620
209 717
454 906
455 829
409 944
343 423
528 903
80 571
386 759
361 872
17 165
302 465
276 820
83 966
808 969
477 805
383 848
28 686
355 901
116 984
203 738
332 682
434 660
822 950
437 885
583 590
76 307
774 878
510 516
270 841
832 927
43 590
217 863
19 993
235 691
306 332
685 848
837 867
90 288
799 969
150 474
177 186
309 866
198 205
38 233
377 418
203 622
369 457
395 998
124 543
141 414
647 808
174 466
57 120
117 505
541 873
610 833
269 495
210 819
241 404
23 404
873 960
564 607
345 959
349 976
531 720
236 634
116 131
61 472
140 409
85 750
584 868
115 509
413 676
486 928
404 936
822 888
31 870
505 514
119 691
107 548
245 743
786 946
454 859
273 493
143 935
426 912
132 749
550 811
885 979
348 924
38 758
844 1000
366 896
476 971
858 955
314 663
630 671
220 740
752 889
336 618
232 705
433 690
190 934
441 821
614 715
218 574
172 689
100 504
71 490
693 762
860 971
272 475
86 93
253 273
9 151
815 836
351 556
427 855
26 56
702 706
461 631
330 673
417 427
13 776
600 893
128 165
603 974
73 506
231 941
551 644
769 775
352 505
172 539
544 716
215 233
448 457
572 828
15 792
101 898
757 836
92 427
27 340
311 350
282 336
476 739
276 643
559 620
101 481
231 825
383 671
106 518
263 920
523 547
413 464
157 233
187 757
993 999
805 936
450 774
77 708
309 354
76 164
260 414
96 425
130 856
475 666
459 718
863 956
532 792
349 745
15 977
120 703
668 965
236 471
342 542
212 507
54 824
472 776
344 865
543 692
124 851
375 594
342 707
250 431
336 571
3 726
52 692
682 815
425 792
140 513
28 107
300 996
344 579
264 302
499 959
569 952
225 900
29 677
98 912
314 335
400 475
539 598
307 407
232 508
809 818
637 703
296 365
192 452
442 547
285 656
878 914
213 471
748 879
99 384
259 390
59 949
540 657
369 499
293 952
598 850
377 795
365 652
140 868
270 937
546 821
100 812
172 376
67 820
52 630
698 866
513 994
576 784
328 679
261 877
235 467
244 385
203 228
558 814
657 711
316 706
484 838
60 441
129 401
45 251
596 903
443 995
870 996
772 857
629 646
948 976
744 800
389 638
130 659
262 375
405 620
365 420
40 672
35 289
785 949
208 948
416 997
189 746
550 703
203 282
855 968
321 517
63 571
844 892
472 749
197 932
267 925
584 644
560 570
603 885
584 678
87 993
106 545
706 896
365 891
191 652
214 352
109 791
212 815
871 939
502 987
73 97
364 826
635 660
941 958
27 969
24 267
413 957
844 941
160 951
247 705
34 721
596 807
78 959
106 594
258 440
568 572
612 810
830 844
477 840
219 273
482 911
251 368
309 430
482 945
251 402
569 809
225 757
602 861
718 739
344 771
375 466
105 377
4 833
96 637
175 404
378 691
83 128
645 691
198 759
141 764
47 807
841 906
706 965
580 735
235 270
264 761
136 407
114 601
166 965
27 82
184 484
585 840
561 698
244 324
15 903
245 758
252 489
540 849
32 808
4 717
667 824
209 685
314 998
226 556
486 492
358 581
401 896
189 869
127 824
53 206
353 989
469 757
166 684
22 825
657 985
14 243
409 597
133 857
462 719
151 651
59 991
424 931
608 901
925 942
197 701
484 695
185 736
459 829
231 655
525 844
429 551
170 572
284 769
238 263
174 720
564 691
498 676
694 760
308 903
21 322
113 160
516 640
424 980
557 619
659 885
145 399
106 853
445 999
294 295
546 577
264 1000
339 933
221 863
124 647
627 672
401 965
33 936
361 875
870 873
380 461
469 826
267 297
183 624
298 778
605 724
71 239
143 568
458 640
491 768
576 875
356 688
601 877
384 944
100 588
45 929
131 794
485 658
92 627
196 396
152 192
345 947
260 764
445 602
290 667
22 914
653 960
722 920
104 285
626 627
613 870
221 597
10 184
413 698
375 910
130 886
306 840
248 479
35 385
74 683
180 919
265 384
250 946
143 923
905 927
571 682
414 791
849 889
980 991
404 638
358 753
439 958
440 881
458 544
39 868
356 587
736 751
131 528
381 623
64 249
769 913
423 525
63 347
888 906
831 945
284 606
347 396
546 700
205 695
852 998
412 653
98 360
52 475
168 353
402 977
571 867
415 899
552 665
735 987
376 567
871 885
213 540
749 837
692 732
708 989
34 531
415 618
84 420
471 787
546 720
730 800
271 903
328 995
245 970
74 136
460 745
39 772
673 865
25 327
373 396
432 824
132 355
216 814
217 572
867 922
221 686
180 741
76 938
411 485
483 814
152 616
183 311
69 114
169 521
528 797
17 646
333 641
287 756
423 764
735 755
290 504
455 893
264 571
870 895
414 880
310 490
461 722
358 842
314 638
13 212
879 915
31 40
146 671
193 479
21 364
125 311
397 689
974 999
204 869
389 872
89 225
115 805
599 767
57 300
393 535
91 110
328 448
682 818
588 861
402 479
676 682
77 765
353 649
123 815
342 429
187 397
646 936
775 880
33 76
435 667
291 808
143 324
848 988
484 942
222 704
370 855
181 869
213 964
80 670
419 855
13 116
678 868
281 545
389 606
642 926
265 843
364 740
625 767
78 538
137 966
398 516
903 987
338 951
516 751
163 925
428 453
737 976
407 426
105 931
583 689
483 903
343 406
382 704
963 997
85 460
51 540
444 770
563 729
390 890
177 906
837 966
38 201
113 742
556 835
527 821
430 495
503 747
185 450
608 916
593 726
34 354
606 614
640 678
913 979
39 459
417 942
14 559
401 926
219 527
367 424
351 586
95 798
742 957
296 306
674 789
442 488
71 103
337 932
545 669
525 573
142 975
402 602
258 743
47 440
163 208
117 323
127 607
118 833
650 872
105 966
966 977
419 638
558 905
152 808
85 529
590 1000
331 366
115 977
649 807
521 896
159 560
32 407
16 459
723 804
139 435
303 589
220 839
285 782
182 430
480 597
308 516
65 760
353 787
905 922
574 724
451 787
640 917
425 487
120 733
652 772
837 885
38 741
499 518
30 924
673 791
632 956
127 962
219 766
501 985
390 979
936 952
482 817
281 688
41 680
240 984
257 855
500 611
30 604
318 343
177 578
720 934
619 913
696 860
137 488
113 579
735 851
331 435
179 560
210 255
291 1000
189 401
269 848
137 202
471 481
446 759
488 661
480 535
219 330
22 527
9 18
38 509
298 411
675 992
720 988
349 878
278 307
37 921
8 907
537 962
263 903
466 535
554 977
365 881
464 888
68 747
317 953
527 678
44 495
360 503
804 962
129 712
576 678
421 743
89 656
225 664
35 920
201 721
42 397
130 839
16 752
720 838
271 748
636 688
346 359
186 387
464 607
147 233
206 661
139 859
125 592
62 181
137 557
242 904
358 672
368 479
56 522
247 666
104 874
587 769
77 541
146 501
78 299
116 839
22 882
72 635
182 888
491 620
249 512
151 538
36 562
328 559
504 513
442 680
374 478
154 797
127 464
129 897
365 450
291 584
925 999
336 855
36 77
419 631
213 774
542 636
746 846
693 868
287 771
309 726
922 931
550 932
787 995
267 334
312 938
173 854
474 625
878 897
535 878
5 410
392 667
79 407
263 487
307 725
839 874
454 665
498 903
500 584
242 638
286 876
459 736
415 532
345 683
45 180
378 536
436 585
643 986
440 699
183 511
318 486
763 902
134 571
410 455
306 542
67 803
367 651
145 306
59 952
737 806
704 809
158 228
278 765
134 906
623 884
663 830
398 681
69 198
127 703
515 993
104 662
334 627
176 978
37 239
266 957
338 631
252 834
13 917
804 935
690 738
318 705
518 898
55 819
42 200
246 520
565 575
316 403
351 867
879 999
347 884
354 948
956 980
396 850
352 646
328 682
55 368
3 347
179 301
550 720
74 740
435 697
65 235
285 393
78 888
688 907
357 853
391 807
592 792
161 973
481 786
349 415
608 761
499 614
509 898
769 800
28 684
626 699
960 978
413 639
112 213
626 733
340 531
375 885
68 318
161 522
651 900
310 929
442 954
78 772
217 861
127 772
63 574
893 924
771 986
613 695
140 974
83 227
328 416
299 402
437 597
474 598
117 789
388 623
173 992
177 354
548 773
217 575
810 833
366 505
358 379
945 973
18 441
572 907
558 886
926 936
266 910
645 674
101 526
56 564
87 259
234 951
92 807
89 548
92 152
283 985
53 475
538 981
214 404
373 487
430 579
208 234
579 653
93 866
84 982
194 444
271 810
301 603
688 860
531 602
665 785
135 317
209 969
666 742
381 463
226 874
432 765
531 772
243 779
72 697
551 758
102 668
31 97
293 812
114 633
78 560
73 824
30 653
460 536
82 844
685 799
150 425
125 703
256 695
158 556
302 436
344 993
75 185
133 690
378 879
62 428
182 999
58 450
51 863
295 542
302 606
98 705
244 245
342 971
187 250
892 914
72 916
234 569
235 492
122 163
37 732
179 944
728 964
912 934
741 852
183 437
402 871
101 479
293 546
103 912
209 873
250 375
96 709
274 373
129 591
265 599
267 280
609 685
171 498
173 965
349 442
33 468
173 344
133 875
232 772
280 338
339 766
423 473
8 602
98 725
601 860
643 796
57 746
720 853
736 1000
428 510
622 913
3 389
36 242
705 828
457 550
614 952
412 698
199 604
288 804
612 650
181 189
502 677
129 611
25 221
645 812
347 645
116 854
7 707
109 685
552 744
412 902
612 820
326 927
142 192
560 896
242 633
121 343
519 917
221 750
708 937
80 330
421 977
309 571
484 767
543 574
315 400
262 755
82 176
158 475
201 955
599 777
820 858
436 716
499 506
54 255
96 157
253 559
716 748
128 252
450 676
401 532
559 857
330 925
620 966
235 280
257 707
809 986
219 953
650 759
103 530
406 637
607 622
471 585
357 498
357 663
353 960
640 954
645 716
184 960
556 660
218 914
730 933
119 396
109 754
293 834
27 762
258 684
154 881
415 431
589 704
679 827
232 895
203 226
693 782
884 926
238 690
66 98
140 750
240 405
831 982
39 551
10 571
673 678
459 970
364 469
713 938
313 958
417 583
442 614
426 501
213 407
800 967
43 903
174 861
246 535
29 458
232 745
580 814
690 918
390 415
251 331
106 824
195 914
839 958
640 688
397 657
888 958
456 464
462 914
247 484
436 504
30 40
177 635
135 864
563 623
147 352
9 191
136 821
192 990
775 964
615 992
362 808
28 563
110 377
501 926
473 670
189 458
61 547
469 967
346 852
84 171
242 606
60 207
463 687
744 983
133 281
158 312
581 922
422 708
570 571
138 352
210 681
411 522
267 773
287 759
174 595
362 692
13 45
160 915
163 553
164 311
9 997
105 525
183 683
240 775
137 143
415 971
674 984
623 687
77 748
163 888
654 880
639 690
98 767
34 433
2 985
226 534
650 902
566 752
409 861
186 444
160 799
618 972
639 860
521 756
322 486
408 592
453 478
449 605
210 866
266 925
254 449
54 898
143 443
112 782
437 632
23 718
198 272
432 896
374 535
56 914
278 753
322 336
265 996
541 770
766 829
439 648
324 803
201 866
288 730
29 130
377 951
128 779
159 474
423 870
63 658
208 584
298 707
319 446
415 875
82 388
159 644
343 724
59 203
447 493
432 945
851 930
777 789
511 717
95 446
492 510
96 369
339 877
946 959
166 396
340 669
157 512
399 442
676 904
361 688
193 755
348 821
561 915
518 634
81 480
642 643
52 466
415 759
677 853
83 981
604 910
46 186
318 708
146 593
15 635
121 905
551 788
669 892
155 681
38 369
44 709
113 944
11 345
321 993
536 768
48 202
321 372
109 311
247 506
9 800
511 902
94 873
378 608
196 209
226 623
958 999
500 860
661 899
117 607
407 682
180 431
311 533
914 931
212 801
173 980
131 457
21 374
683 867
525 576
40 746
254 873
82 758
116 568
163 376
117 491
301 571
248 593
652 721
263 817
63 611
98 454
4 974
193 339
235 275
312 332
552 793
743 937
252 290
353 620
9 568
229 726
528 541
12 649
319 705
549 560
204 239
491 985
65 797
20 945
45 981
742 893
211 502
59 627
456 691
751 913
22 175
507 681
325 759
657 990
113 698
182 967
527 777
518 893
399 900
237 762
261 870
942 949
39 415
803 852
852 996
596 731
108 642
268 648
437 538
648 812
82 376
690 714
316 1000
230 239
634 689
591 851
507 701
143 519
135 524
447 515
556 845
410 650
384 730
286 790
402 558
874 998
512 772
57 680
490 822
75 508
590 786
250 848
267 719
146 935
119 261
374 912
243 666
467 495
452 782
271 450
231 981
540 603
396 744
2 795
564 881
719 947
431 587
319 658
97 169
111 635
365 598
138 347
43 467
102 895
431 757
586 823
93 356
116 706
5 223
82 314
40 399
19 550
259 322
432 871
236 792
183 814
234 490
199 306
406 741
43 482
406 775
293 433
179 380
180 303
282 391
486 601
631 860
201 322
706 793
446 511
390 819
208 530
451 928
206 883
804 898
291 301
151 459
94 498
678 982
31 58
100 327
605 895
73 780
566 631
307 762
736 887
493 523
843 915
211 980
154 985
505 658
439 643
501 675
154 364
139 174
75 631
289 504
234 845
32 316
14 37
470 639
165 775
603 967
303 464
605 648
546 972
712 807
231 449
285 861
446 900
533 764
790 986
364 908
366 589
50 615
122 944
363 364
265 390
164 846
109 422
242 860
542 708
489 730
332 362
433 548
526 930
52 631
11 796
328 515
168 543
670 920
284 311
143 677
416 847
531 967
132 491
638 995
839 946
568 858
155 846
417 906
183 316
25 633
154 302
444 618
82 117
113 454
130 325
259 780
828 930
178 711
718 991
244 726
47 923
679 714
9 514
261 796
308 329
199 934
642 993
327 667
77 852
360 829
524 949
36 252
141 565
538 629
270 876
302 971
93 378
631 833
147 394
635 981
176 429
130 544
2 667
38 889
531 871
548 776
752 986
407 998
336 749
81 884
241 269
455 763
401 862
349 807
45 321
423 804
522 701
15 418
23 405
268 594
12 329
179 538
575 959
186 767
402 499
149 936
638 914
352 602
109 880
446 873
257 887
305 453
105 247
158 369
437 955
253 254
196 914
267 830
656 768
25 756
370 875
243 612
112 654
103 259
194 782
277 841
363 672
66 428
585 676
332 670
141 348
490 817
88 260
609 954
495 757
138 914
264 966
884 936
39 430
150 258
575 693
271 862
570 677
175 294
359 374
418 802
402 854
285 398
653 707
171 311
463 963
693 928
101 462
278 339
151 351
281 420
468 869
713 948
466 567
890 969
14 113
364 615
467 660
162 251
484 565
197 605
40 680
377 707
105 937
119 140
855 976
292 799
165 536
175 343
355 589
296 913
201 268
426 982
588 635
310 449
816 953
796 849
252 879
552 727
266 415
38 993
458 626
518 977
370 493
73 726
15 56
101 196
391 512
179 210
413 834
385 853
69 127
661 737
463 867
187 472
33 806
61 276
353 928
37 954
349 945
3 557
412 735
462 488
135 307
395 686
382 963
22 444
196 751
402 642
157 584
336 907
47 645
541 896
23 393
210 842
429 524
57 968
474 507
678 827
465 767
524 574
65 499
401 569
540 687
821 954
51 198
638 941
551 899
333 422
196 771
554 647
843 930
93 139
89 122
451 657
442 883
24 965
538 555
444 598
297 480
218 747
85 453
362 737
150 401
30 173
553 915
685 940
612 722
314 555
14 86
128 925
231 949
459 468
175 602
474 692
305 946
7 779
179 750
162 224
7 944
34 347
427 577
386 420
110 680
169 453
186 358
461 484
264 372
536 894
280 629
119 899
353 881
709 898
457 540
82 903
185 914
529 1000
890 957
707 766
219 855
882 962
34 197
178 255
138 786
84 120
560 852
269 922
401 638
418 543
189 611
33 609
306 779
280 513
499 947
242 759
51 437
456 598
187 479
86 136
379 546
333 661
288 809
188 224
132 807
497 781
609 710
687 690
29 345
315 691
130 709
160 481
229 716
375 898
872 897
138 219
129 956
255 531
226 517
73 884
49 920
273 469
549 686
15 1000
73 263
481 518
61 919
40 892
34 586
770 945
86 190
631 882
171 407
49 469
319 414
147 574
79 262
108 753
418 442
629 716
560 790
199 212
255 381
391 423
103 540
259 529
478 963
708 928
593 808
134 256
23 905
467 887
828 844
197 832
358 596
332 951
45 991
645 687
159 457
403 723
190 629
7 582
455 948
104 177
182 812
223 791
804 906
128 932
275 505
302 550
516 601
293 810
262 494
669 991
406 662
899 990
284 449
667 689
785 903
455 628
672 739
658 915
356 765
341 575
496 641
602 877
33 732
302 885
563 579
341 711
54 785
196 342
156 873
340 953
389 476
678 869
135 369
310 565
710 998
478 697
123 569
686 890
115 574
264 981
65 711
266 662
208 956
151 196
757 997
143 1000
238 885
280 821
310 580
415 927
743 866
400 737
288 331
248 862
372 790
360 647
5 519
81 852
380 777
272 996
610 632
267 613
111 645
636 735
436 529
657 754
396 439
803 936
370 828
869 946
84 613
386 797
833 873
161 882
274 391
228 506
74 950
723 790
19 526
581 612
482 749
203 640
135 438
814 836
413 679
716 896
793 953
27 856
392 796
279 632
4 637
533 739
49 156
88 344
50 556
91 535
241 388
211 485
832 999
292 834
653 825
526 837
480 952
47 810
481 710
151 435
292 999
297 761
98 491
69 477
222 862
155 583
716 746
42 144
374 375
111 379
100 958
477 897
61 626
593 665
450 839
566 607
370 562
536 840
348 777
379 472
44 946
75 641
245 897
18 646
410 953
32 326
108 625
500 932
815 970
242 986
126 453
517 837
446 575
320 379
60 752
246 513
585 698
147 650
367 698
368 731
680 722
498 800
56 774
283 370
598 730
715 898
257 759
231 459
818 909
43 396
217 669
45 77
307 792
365 532
234 574
332 823
134 298
182 650
222 596
172 877
26 40
471 802
300 610
12 250
184 187
289 534
76 584
714 969
147 500
307 506
673 846
38 175
410 517
654 673
509 891
202 950
486 850
565 588
202 329
407 939
438 634
354 961
306 740
39 268
480 570
838 923
341 583
781 962
1 679
129 412
319 976
600 766
223 683
136 164
83 841
470 553
395 654
758 947
181 946
60 656
331 490
694 783
175 632
165 859
262 420
237 698
269 903
789 943
344 548
105 809
72 170
550 583
359 916
492 555
611 692
435 594
41 168
352 878
150 349
56 392
246 922
168 287
359 431
60 540
359 465
300 679
4 193
131 933
293 586
898 987
836 942
59 748
64 688
268 720
331 544
257 678
3 94
393 720
191 833
452 970
322 935
90 634
190 289
221 736
78 635
316 655
472 644
228 999
550 768
424 572
50 748
395 558
5 896
21 79
660 877
172 966
216 549
316 956
29 244
507 657
695 885
613 927
236 844
323 598
130 744
97 105
589 675
505 525
360 743
170 999
720 777
163 906
493 526
16 822
133 348
589 840
263 692
128 612
109 405
358 611
233 448
134 606
67 804
122 607
342 799
42 186
174 866
28 29
581 708
952 983
133 232
191 902
638 978
611 645
135 699
12 728
417 889
419 570
230 584
260 521
69 990
541 987
424 641
184 214
185 281
575 907
366 927
29 313
79 967
523 708
425 734
35 142
411 944
270 524
453 846
254 686
208 801
310 745
52 799
36 686
676 786
434 678
86 609
102 866
32 87
62 810
40 860
309 680
212 464
144 152
343 456
261 464
331 347
206 839
450 615
490 561
268 693
224 489
103 338
210 332
483 502
260 876
630 717
540 628
215 880
201 613
720 730
318 925
154 941
484 726
286 1000
314 326
75 587
257 365
33 195
837 866
614 965
293 608
559 685
167 412
472 952
259 968
116 867
752 853
703 709
467 574
208 705
22 289
51 780
265 797
250 607
262 462
23 723
237 740
109 829
200 710
360 716
598 841
471 578
68 373
447 614
288 565
228 856
259 551
290 998
79 585
293 327
236 987
217 780
615 916
51 494
400 486
45 979
141 617
111 845
501 816
99 846
131 189
242 981
387 763
101 561
421 539
64 696
295 309
596 845
36 440
666 728
150 561
584 736
609 767
40 478
124 295
28 788
248 325
252 473
242 700
10 399
243 445
345 711
317 730
331 921
188 820
26 35
321 459
105 415
177 744
9 921
657 838
326 674
183 573
499 568
719 726
551 759
309 973
97 768
82 578
52 806
330 371
505 567
28 221
421 894
464 554
843 960
63 397
19 193
255 608
53 79
192 197
94 223
160 893
446 474
420 651
493 903
702 875
656 990
121 139
206 322
363 724
152 311
14 902
85 818
465 982
793 921
103 481
247 327
158 926
651 777
339 917
254 844
442 831
440 495
455 719
745 870
296 780
274 830
185 774
304 623
706 737
532 941
547 688
721 961
268 550
222 665
542 753
482 601
542 787
457 701
645 798
26 240
55 765
304 958
509 926
540 621
251 980
551 828
209 457
166 941
467 712
438 698
80 932
439 456
256 299
312 468
712 901
445 906
187 960
101 199
20 130
292 686
680 976
63 466
8 807
24 312
374 814
471 852
689 886
517 771
684 980
3 560
296 349
17 240
381 456
711 718
617 871
358 892
38 259
241 711
98 644
14 971
247 265
650 745
3 143
609 910
176 658
75 459
298 986
453 942
697 731
654 893
150 214
225 933
745 939
45 215
283 673
304 692
78 199
68 701
83 270
429 692
52 609
603 965
173 904
31 726
547 927
191 732
597 651
794 797
234 392
125 997
625 763
426 603
342 930
238 540
255 411
899 1000
338 947
166 355
353 694
431 674
385 789
446 898
220 295
676 897
224 886
628 681
557 896
901 982
788 818
406 978
979 996
171 452
375 662
595 854
497 880
298 720
436 805
28 665
182 973
573 736
606 610
236 913
237 836
786 856
740 971
150 904
212 294
415 602
248 537
209 881
263 926
236 593
68 770
257 612
173 187
415 937
14 138
433 600
177 335
33 476
548 754
428 974
22 400
196 673
560 889
99 491
496 555
217 726
72 944
431 743
319 814
766 780
276 533
33 811
98 282
9 226
338 565
487 495
234 932
86 338
502 719
234 966
206 985
653 951
7 94
56 715
760 801
592 978
488 588
643 654
173 372
573 805
562 585
66 658
5 583
294 976
525 589
444 520
9 731
287 629
542 659
168 945
718 888
231 735
103 824
57 939
537 889
174 630
195 518
648 751
537 923
897 957
513 781
571 843
405 557
581 676
281 684
394 502
430 614
659 965
470 979
373 653
8 63
294 409
709 854
155 312
25 754
384 388
877 991
457 627
677 819
264 663
92 823
321 789
699 905
739 851
6 96
36 654
100 367
284 447
480 531
330 366
88 258
802 806
439 518
370 592
40 828
574 658
143 197
933 934
431 866
344 824
260 674
535 635
865 897
270 963
752 767
813 876
269 728
445 682
200 658
740 794
736 811
956 969
496 528
95 481
297 389
145 514
319 821
579 723
125 588
496 863
382 776
604 780
441 549
184 251
473 644
244 712
245 360
190 701
398 438
326 908
908 946
43 310
29 520
23 827
451 586
252 426
655 906
362 530
69 877
452 509
774 933
158 456
4 824
309 853
657 956
9 384
10 32
706 922
572 595
156 324
110 439
302 506
245 545
1 423
3 104
410 601
79 403
899 946
216 845
525 577
56 873
201 655
27 859
254 777
24 157
283 503
602 833
200 863
574 611
566 760
500 745
75 590
20 931
101 379
419 676
624 644
435 658
21 710
398 827
196 298
340 909
29 875
706 806
345 980
143 451
326 812
63 816
801 856
513 973
25 407
530 878
577 830
85 902
14 365
765 914
49 829
523 950
381 772
323 744
541 778
105 267
195 390
229 931
447 787
40 966
65 968
975 979
297 682
612 720
37 400
84 719
31 741
648 963
617 935
252 1000
284 440
238 555
929 952
167 770
371 980
546 568
258 850
618 884
566 829
222 599
336 353
154 431
596 766
788 833
657 875
231 797
29 158
441 556
42 46
87 972
217 386
263 305
118 523
90 432
178 874
726 971
266 386
267 419
281 610
35 152
200 651
185 461
530 913
675 695
219 402
366 617
38 513
19 196
266 721
25 646
557 795
328 897
558 862
562 866
479 951
87 201
449 571
189 289
318 600
59 731
146 485
180 439
108 731
571 920
88 771
535 847
489 962
461 871
809 940
161 368
133 898
137 260
349 630
310 809
842 958
179 196
159 857
488 719
359 919
391 537
537 719
373 730
811 956
88 485
93 391
586 994
462 513
403 837
231 245
609 728
465 869
208 681
482 774
366 385
509 963
654 745
95 373
485 999
25 414
655 812
191 836
1 581
724 908
62 724
103 703
350 429
855 900
387 574
94 198
211 476
29 77
374 851
143 308
277 669
104 175
135 347
410 473
505 979
37 407
432 761
397 441
285 677
46 938
377 481
418 460
34 939
150 707
796 943
380 706
142 269
17 583
558 781
430 760
117 403
247 472
430 794
909 965
249 939
307 312
753 997
604 760
297 670
85 609
357 856
574 954
480 997
539 804
50 970
68 908
198 977
216 771
184 532
80 252
32 36
136 625
91 498
790 992
309 663
14 577
217 864
684 921
143 998
392 439
364 492
123 417
136 960
825 856
481 804
501 934
214 974
1 990
560 707
380 605
255 953
461 844
226 318
422 512
450 802
532 616
711 829
80 272
528 638
185 619
224 807
324 737
750 786
174 433
347 437
306 969
91 683
121 620
324 907
902 941
343 459
453 563
296 960
255 803
316 946
212 666
304 803
335 498
686 787
376 477
351 755
695 841
780 914
39 177
487 653
314 780
328 604
171 679
558 603
73 739
637 983
460 485
291 629
224 827
422 731
182 613
671 924
238 782
98 940
209 802
444 707
159 428
15 404
419 807
237 408
473 577
205 824
91 737
439 937
539 757
395 733
597 607
314 664
629 702
503 684
772 947
572 775
982 986
333 381
655 805
166 316
454 710
196 764
98 790
601 925
86 681
40 141
132 600
202 593
595 645
408 615
311 433
367 492
174 672
689 950
70 869
375 657
190 785
32 494
101 729
565 566
410 631
366 427
29 604
493 551
281 857
131 692
179 292
509 554
697 926
159 332
615 934
291 834
2 572
219 683
365 865
153 804
205 238
356 470
296 428
157 986
800 963
145 987
340 522
133 878
33 602
580 975
355 405
658 989
127 598
130 202
97 315
333 620
705 797
706 720
563 619
17 38
385 989
366 782
79 822
315 485
547 807
836 925
86 299
229 544
401 481
522 941
248 261
298 915
285 773
283 437
818 845
142 947
25 491
507 921
586 688
618 783
703 966
450 960
146 165
863 972
333 504
239 678
283 641
140 815
330 593
372 495
87 871
547 691
30 124
220 510
155 418
530 642
131 931
506 678
162 626
523 583
841 880
304 825
638 737
694 796
323 411
9 406
96 160
266 416
287 304
271 466
98 627
289 771
691 885
633 857
740 851
740 885
720 755
24 145
367 916
8 674
544 937
515 923
230 678
208 395
248 616
77 424
525 934
632 928
519 654
252 934
680 693
339 688
669 950
250 632
957 977
214 415
15 111
212 257
188 626
501 540
146 855
550 650
725 846
476 674
293 352
529 767
628 664
81 325
321 464
237 314
53 821
471 773
542 689
100 663
85 473
616 686
185 225
275 348
722 791
205 866
276 782
489 876
94 383
673 982
408 977
622 719
6 242
94 684
19 785
508 763
523 987
753 842
646 819
45 888
147 976
76 405
207 397
103 117
346 515
135 212
133 565
140 938
157 809
555 631
317 959
390 889
659 709
204 651
650 681
38 986
254 684
51 253
16 724
31 948
48 819
794 985
231 533
191 954
321 368
594 923
134 338
656 680
741 897
816 961
119 284
158 582
9 345
166 747
370 957
438 504
91 193
285 596
37 457
426 505
690 791
84 776
359 737
304 968
171 674
520 666
261 797
215 912
131 584
337 475
32 721
729 782
585 923
224 822
137 447
73 904
71 568
215 461
149 582
74 793
492 745
870 882
53 944
313 846
100 752
453 612
99 208
171 524
244 776
205 955
112 130
55 790
18 173
179 689
66 525
8 497
165 899
328 619
155 746
244 946
183 216
397 710
72 210
650 920
394 655
341 677
729 967
98 955
816 865
567 693
143 296
157 762
735 796
402 951
632 950
206 872
624 824
579 972
262 965
205 970
239 269
95 245
597 656
630 784
371 805
18 979
174 216
851 899
391 424
548 826
564 939
118 765
438 743
540 865
126 165
157 612
614 862
154 387
104 668
172 215
649 705
47 877
42 172
609 785
548 710
450 736
188 498
265 864
24 37
371 825
429 887
93 783
315 931
491 885
636 667
561 768
184 685
712 1000
233 973
664 779
347 405
171 346
788 843
75 218
25 976
265 748
698 890
759 999
829 992
989 998
125 285
154 776
119 592
189 585
55 258
175 795
109 164
361 556
679 853
565 766
467 826
209 605
85 986
38 523
397 833
602 966
30 85
467 996
750 973
214 812
709 960
307 403
641 648
197 320
157 851
456 776
600 944
139 436
662 701
44 543
793 803
591 916
146 665
308 318
822 838
123 624
278 690
793 968
22 425
257 807
354 402
391 547
517 599
524 972
305 572
126 254
178 618
513 621
50 707
67 612
257 390
203 476
374 977
247 714
644 888
550 931
334 921
449 766
238 353
314 652
340 441
97 685
384 679
174 320
33 555
449 936
221 749
630 961
413 884
411 548
60 403
317 735
305 592
244 517
117 529
180 319
78 231
813 832
168 354
383 771
11 738
88 685
296 396
304 860
66 567
133 191
737 834
40 634
24 796
929 935
210 591
102 810
119 715
130 170
114 809
276 462
761 968
18 516
89 157
293 367
123 863
183 428
80 548
269 568
26 812
384 413
514 757
58 907
287 873
466 541
526 892
460 877
477 748
89 492
197 409
32 497
900 915
13 329
388 718
143 673
175 768
158 242
148 469
121 411
92 397
151 825
684 732
222 466
53 720
150 281
269 418
313 656
454 932
660 823
30 844
18 701
134 503
335 454
34 62
510 794
69 416
253 496
935 975
120 372
543 982
142 969
633 961
529 681
84 320
590 824
147 220
310 928
101 335
510 513
1 714
105 339
208 363
902 951
375 564
220 663
581 620
133 765
597 602
266 404
155 576
140 386
97 692
486 905
765 870
179 820
88 973
810 997
409 840
153 609
225 283
399 556
594 992
87 874
17 61
377 915
361 802
119 969
681 780
420 575
926 969
79 879
595 805
253 531
531 751
747 926
420 745
247 872
281 682
396 802
744 871
629 916
639 859
440 589
199 548
681 795
6 545
371 485
538 694
371 519
517 811
3 600
271 387
462 531
438 457
469 904
148 238
609 780
740 772
259 414
647 738
473 942
59 352
167 780
153 513
27 283
241 300
389 962
357 689
151 968
57 220
562 856
464 717
418 832
245 959
322 539
541 973
336 494
464 882
30 987
41 442
559 767
29 299
60 780
695 940
247 975
65 576
16 712
367 891
716 993
802 824
469 502
462 886
145 546
480 714
308 599
391 658
280 652
409 963
108 537
457 529
229 355
453 546
144 958
514 799
591 746
894 963
192 380
581 593
7 686
366 962
5 384
181 338
498 843
473 846
157 395
377 553
85 210
77 84
611 700
237 876
35 347
566 738
324 740
190 413
102 285
824 985
136 226
265 647
14 799
527 741
246 445
274 557
662 847
17 369
473 861
883 962
376 679
367 795
24 776
353 638
429 971
113 997
458 807
269 344
229 875
672 858
607 737
375 436
237 275
106 317
678 687
197 840
179 391
547 721
58 887
111 244
90 361
752 854
182 951
9 436
796 948
315 734
318 815
1 441
113 881
19 746
246 664
422 749
239 592
367 980
229 929
430 770
685 766
746 875
303 926
586 903
189 873
649 693
16 1000
143 333
566 943
148 750
670 746
808 941
271 380
715 729
560 697
659 704
180 669
77 823
602 769
295 679
44 797
605 960
554 692
574 644
17 608
86 733
204 947
262 687
225 966
227 647
8 889
133 541
179 460
231 795
344 980
48 494
821 849
768 871
405 612
280 339
288 470
101 165
16 734
247 347
765 981
365 582
798 834
353 761
179 965
885 897
100 577
40 247
62 168
60 521
121 630
460 776
193 946
362 836
170 761
114 558
577 747
161 366
601 745
131 463
548 767
20 732
307 726
66 651
238 622
340 710
128 539
333 507
273 465
33 38
349 798
550 749
635 856
311 389
441 458
69 446
219 755
200 548
202 229
331 540
351 814
797 844
398 478
258 636
144 549
716 919
154 178
344 598
206 547
489 524
275 816
913 926
66 84
598 985
12 825
109 386
296 835
259 695
240 488
689 887
461 603
759 770
115 215
492 775
893 953
448 880
491 540
125 192
128 273
198 266
581 689
548 802
76 839
494 791
672 735
356 761
704 830
639 738
496 637
507 993
229 330
549 785
464 712
252 651
193 865
513 678
310 425
156 869
735 860
14 70
103 270
460 865
116 813
621 904
77 646
379 830
394 399
39 892
96 232
225 653
341 421
152 435
347 871
169 340
700 731
141 359
163 170
490 828
62 626
20 855
233 949
119 752
753 845
390 586
383 493
195 430
183 431
385 994
26 63
268 538
149 681
134 491
20 404
6 614
118 509
238 294
293 705
307 529
266 372
658 679
100 230
507 727
25 331
154 752
904 935
564 853
506 969
7 982
724 859
696 768
468 594
818 986
315 374
489 647
492 728
327 986
384 470
30 886
25 181
26 903
85 710
162 767
939 995
594 640
96 922
175 689
321 871
353 599
314 812
431 613
72 193
275 755
414 598
786 911
465 554
25 686
540 964
414 734
325 568
185 836
454 989
517 779
31 549
393 539
499 500
151 431
152 189
189 363
250 472
95 228
512 532
137 164
330 919
63 945
111 545
49 822
106 162
252 454
216 237
81 262
330 468
4 687
28 318
58 732
491 984
448 703
77 318
876 939
135 168
689 914
197 986
86 228
466 531
156 221
498 626
344 960
211 666
644 918
1 941
134 580
416 634
505 999
53 375
115 407
208 755
225 626
499 719
297 976
256 342
171 746
404 970
176 686
58 582
72 883
834 887
566 657
147 816
365 528
448 587
305 486
37 733
967 979
606 734
23 943
439 669
741 853
207 368
153 632
65 224
170 537
706 834
159 495
914 917
284 938
613 800
355 854
768 866
42 209
19 645
192 683
597 844
781 924
91 484
85 969
946 980
40 829
12 96
291 716
345 761
277 559
104 686
621 645
31 468
684 912
541 976
50 840
556 689
71 107
215 718
548 597
288 315
19 529
695 812
708 734
321 844
437 722
429 905
142 193
170 926
316 597
618 781
519 884
178 436
362 516
73 875
45 142
90 780
600 646
310 317
238 787
330 591
282 370
472 756
401 984
27 505
853 987
4 941
202 845
505 952
709 997
388 496
312 954
199 790
384 628
98 591
243 884
42 278
121 946
360 719
13 408
308 486
659 924
133 324
183 978
211 304
165 419
831 895
166 452
499 973
319 876
102 322
158 491
250 950
221 936
771 879
79 758
607 924
12 335
310 502
369 930
356 421
310 536
616 834
345 379
520 575
368 700
625 744
32 630
24 779
139 624
142 228
140 581
93 118
261 876
55 330
107 555
175 867
131 663
725 844
795 837
219 484
767 780
198 601
183 411
26 795
187 559
43 700
365 836
489 874
338 647
205 243
152 265
86 386
457 805
454 546
85 772
217 522
691 918
86 551
159 803
405 750
237 817
834 909
15 158
329 443
169 471
443 674
98 209
4 729
114 191
84 419
130 338
2 427
135 210
591 702
8 256
80 585
369 868
298 750
217 372
935 958
46 966
481 933
340 513
531 1000
376 756
19 803
290 959
750 779
606 645
279 739
379 394
179 953
480 724
146 956
402 880
527 532
656 843
331 343
475 954
674 781
833 864
274 382
927 991
7 41
338 716
541 547
687 839
88 922
467 686
5 530
839 863
712 909
335 826
528 651
384 936
399 505
390 621
787 795
40 905
566 884
469 702
48 415
19 401
82 956
727 779
96 767
442 534
144 367
288 978
220 666
43 823
546 958
665 917
797 832
540 644
223 270
273 337
203 952
50 567
48 920
107 693
266 776
206 734
559 565
271 957
86 189
636 931
617 724
70 862
767 923
119 351
378 841
26 317
85 745
167 593
258 639
1 451
159 776
262 478
420 913
188 612
834 882
462 849
299 788
487 885
159 946
69 168
342 448
28 333
330 517
128 630
844 859
259 732
136 761
489 731
103 874
652 784
289 525
94 369
472 852
196 457
73 486
492 982
641 912
539 955
560 843
615 646
93 781
187 266
85 964
643 758
348 672
294 425
354 501
249 940
140 793
510 634
427 884
563 782
526 917
825 842
710 997
796 828
124 947
36 505
178 882
513 885
540 597
601 706
25 353
172 568
174 249
176 716
32 692
662 980
265 916
148 460
839 967
207 922
946 995
39 444
170 436
562 743
286 348
405 962
57 893
404 583
436 678
78 946
51 613
673 906
392 610
545 552
535 855
371 756
70 330
50 370
280 369
64 980
639 645
110 721
88 328
46 557
7 403
624 625
426 865
109 381
398 774
167 231
557 857
340 890
122 413
631 854
301 723
279 330
1 254
22 142
335 533
355 773
77 587
48 573
50 254
7 738
120 247
39 212
84 816
737 783
662 884
273 980
2 858
377 605
128 433
263 518
390 493
335 834
872 923
63 346
13 593
815 818
433 978
445 466
277 643
640 936
245 294
394 845
578 925
699 743
556 642
542 852
391 900
355 822
486 780
235 932
965 985
335 718
190 936
773 910
311 754
623 745
724 766
442 746
20 59
340 624
122 147
14 400
431 704
790 980
261 270
679 974
180 201
308 589
379 505
22 662
496 783
481 593
164 219
252 661
155 335
525 831
323 944
531 660
55 680
617 766
31 606
58 284
29 270
407 753
605 657
559 772
477 780
64 768
584 808
572 665
488 515
875 882
154 747
686 896
743 988
198 330
903 994
88 281
650 844
224 766
680 891
64 317
598 899
549 645
435 558
162 422
718 815
111 767
512 958
274 964
420 504
30 842
595 700
763 832
231 827
210 944
587 739
128 842
656 974
437 574
101 619
385 519
339 634
284 975
809 921
190 840
594 635
336 689
194 988
614 621
760 947
200 817
643 766
188 708
721 780
433 897
66 804
175 985
223 551
20 264
611 841
467 982
771 847
902 949
123 309
404 576
102 426
461 702
3 563
98 443
477 684
375 727
92 129
308 959
208 696
60 859
31 845
793 959
736 854
162 947
357 482
347 950
187 978
753 759
206 530
148 502
655 929
4 677
325 413
122 236
38 563
689 739
126 240
799 843
463 888
488 919
43 668
129 499
248 636
246 300
135 294
264 605
193 998
242 322
242 356
512 542
4 362
936 944
117 835
260 315
238 509
609 928
667 668
113 236
286 861
133 497
171 421
155 473
329 746
184 964
564 651
388 553
303 480
539 785
425 698
262 357
354 913
412 975
83 458
8 559
344 485
426 621
647 702
60 894
101 121
386 421
2 245
507 991
636 660
280 465
64 421
86 709
395 441
590 911
273 537
129 403
746 900
547 630
617 623
61 987
9 932
236 562
23 468
22 854
571 874
269 724
354 797
445 678
727 897
226 920
229 634
187 766
174 865
168 559
679 681
752 933
149 999
36 670
523 857
773 952
488 673
468 577
430 679
387 508
56 344
351 435
195 467
570 691
33 159
110 216
385 997
21 50
633 646
119 435
694 789
167 512
34 218
306 630
785 801
900 955
213 562
29 516
507 929
246 724
134 208
138 977
92 437
212 332
614 813
9 79
243 525
211 464
30 98
12 946
62 193
350 553
373 903
72 477
222 676
119 319
21 70
922 957
94 322
74 192
292 978
356 382
294 659
510 834
288 1000
137 147
13 253
604 995
364 678
27 64
204 706
277 958
694 974
512 685
900 975
151 749
167 731
122 879
85 262
442 857
56 248
450 988
423 655
598 995
232 367
49 320
322 490
90 189
422 897
726 762
873 977
452 690
399 712
105 583
341 998
205 335
34 908
716 779
10 834
612 866
732 748
601 790
42 308
818 888
188 634
438 729
373 637
843 924
237 909
405 876
168 818
66 109
122 278
628 672
338 453
546 680
176 970
118 300
202 759
156 874
475 929
262 835
277 692
808 905
412 798
166 851
829 958
157 967
60 751
130 634
157 346
348 490
446 739
274 624
84 885
19 793
415 428
472 554
130 183
70 584
537 811
403 594
753 986
465 660
206 791
125 722
616 748
302 455
346 693
486 849
128 973
931 956
280 337
120 365
113 162
84 148
760 908
213 569
15 809
56 201
175 815
863 953
327 826
115 765
258 900
167 199
87 818
486 563
348 879
29 169
423 909
189 319
131 291
106 569
95 184
68 815
268 733
156 327
401 516
621 983
304 976
534 941
18 297
103 480
283 472
159 853
630 927
126 856
450 961
337 653
275 930
663 945
150 348
151 271
742 848
660 856
345 983
130 553
77 575
653 962
337 988
682 832
555 844
772 955
28 745
327 560
440 999
296 532
672 679
290 839
859 874
548 950
838 991
236 338
157 770
910 1000
418 941
407 721
319 423
248 816
585 665
221 483
214 280
282 592
502 750
273 818
210 407
445 789
544 686
862 983
101 737
502 915
548 834
520 743
280 426
270 619
357 517
223 465
358 440
168 806
259 577
314 988
417 902
444 580
73 947
309 610
375 476
55 532
66 888
579 830
451 809
233 476
97 439
553 931
718 953
758 899
616 721
14 723
641 752
734 956
107 272
722 957
290 738
140 468
658 793
842 873
728 786
142 901
98 697
691 955
344 534
376 773
683 994
78 737
422 823
26 682
459 824
76 435
798 970
575 736
431 877
346 516
318 569
176 391
123 413
366 921
38 817
266 370
269 739
384 584
28 698
277 283
7 980
6 292
224 803
483 816
675 883
53 755
557 813
131 769
287 758
538 611
408 576
395 510
595 737
19 384
293 587
787 948
559 664
77 548
305 866
307 547
147 575
362 992
887 938
707 836
92 937
166 292
251 365
373 583
330 412
27 229
1 584
725 800
175 202
279 791
294 373
7 413
610 811
110 115
337 675
315 392
8 192
734 744
130 410
588 693
231 884
164 330
262 946
177 873
93 545
493 978
254 584
154 688
35 831
532 550
822 866
566 601
810 901
618 826
245 891
465 606
416 462
5 131
4 850
553 904
370 857
21 100
93 429
95 110
437 515
12 360
634 797
6 80
338 788
429 834
266 493
269 862
256 961
654 783
426 609
142 908
602 728
834 885
392 859
300 434
579 687
166 531
240 528
325 635
660 947
31 582
221 360
61 388
7 652
506 770
240 732
267 410
511 566
69 540
168 547
155 646
60 766
487 602
128 313
75 990
191 758
117 892
576 823
695 960
810 936
482 997
598 909
358 482
52 970
329 468
25 637
889 907
