1000 5000
443 699
116 518
33 768
621 643
321 507
9 183
199 603
586 970
339 479
142 642
181 940
25 186
343 627
604 929
117 776
620 911
17 335
563 950
298 945
153 398
445 885
372 942
43 459
302 805
500 709
6 319
376 815
309 536
273 458
197 772
138 378
627 689
688 798
422 865
141 569
819 900
13 692
735 784
216 523
837 872
264 600
553 993
723 806
79 251
454 509
785 838
589 615
563 970
679 738
551 861
134 866
49 793
365 479
51 951
152 529
264 280
11 384
696 808
284 554
294 361
69 124
503 988
456 525
889 942
213 769
315 380
461 562
664 849
4 823
105 401
542 801
96 792
735 969
490 602
360 567
350 760
171 581
421 676
6 839
737 815
283 502
390 530
724 919
61 157
720 936
289 365
542 685
36 325
84 533
347 529
950 961
501 871
730 913
472 857
31 589
261 554
275 378
451 974
567 852
266 316
841 945
502 765
210 422
478 856
2 876
63 985
220 289
712 969
135 693
225 816
10 386
24 210
150 262
650 963
87 786
938 990
329 606
74 133
681 823
299 983
570 817
686 729
429 706
188 356
371 712
206 328
563 923
190 202
263 454
508 643
426 651
728 835
290 923
389 820
73 94
135 713
186 389
537 848
32 246
295 884
25 43
37 938
498 516
384 429
368 481
13 44
188 240
523 552
176 440
438 500
356 508
498 720
6 792
431 441
25 344
773 846
183 813
619 669
114 709
322 936
7 243
353 762
210 661
249 849
590 825
542 638
427 793
163 402
819 922
849 859
48 413
264 588
713 987
255 848
417 501
43 821
215 758
169 873
316 336
460 981
49 650
364 688
67 921
40 588
398 498
67 300
109 857
24 129
748 1000
496 603
88 353
135 782
680 997
852 968
54 92
326 614
425 511
819 942
198 737
500 921
115 235
344 919
763 904
756 845
323 415
148 253
755 943
314 675
584 895
44 620
158 851
117 217
229 767
322 971
120 442
190 325
316 691
297 484
146 257
100 647
720 963
418 813
753 981
710 810
4 865
364 422
17 111
213 981
556 667
182 188
633 779
874 990
655 865
499 897
38 499
191 268
204 921
746 767
290 309
405 906
396 401
553 803
457 510
303 988
771 968
171 473
176 413
748 783
620 872
886 983
212 766
282 649
555 819
154 772
465 976
341 456
492 544
391 523
437 885
15 198
166 430
782 894
388 945
41 909
176 884
257 332
583 760
250 404
756 798
21 839
585 606
76 642
241 554
448 955
229 555
862 890
259 969
419 975
596 962
740 842
551 856
365 440
545 686
525 590
442 840
27 217
590 847
60 379
8 801
89 249
264 445
536 967
570 743
229 405
55 643
58 247
116 752
159 577
377 433
22 305
66 543
355 936
311 732
301 925
215 950
324 625
101 208
72 194
724 914
512 853
583 659
355 485
98 939
31 385
542 646
905 939
171 261
203 356
53 191
161 763
178 668
894 897
74 865
297 627
170 673
666 744
538 833
841 940
397 413
226 876
988 990
227 909
544 662
345 392
796 949
73 826
16 831
249 911
210 757
139 186
227 628
153 652
328 337
228 441
103 899
115 277
588 784
576 641
638 817
449 831
670 912
483 607
280 320
327 639
147 817
108 996
450 924
188 686
605 990
295 680
37 734
941 950
775 808
513 570
459 834
741 888
374 761
472 722
121 577
200 344
18 731
35 602
423 892
339 467
398 895
33 300
440 797
39 750
360 486
375 710
473 815
904 943
403 966
305 992
316 447
164 572
764 923
365 413
810 842
80 933
382 462
52 221
863 956
646 879
261 303
74 653
216 341
335 955
221 868
180 268
289 449
54 72
54 824
163 533
274 395
28 592
563 822
367 599
322 747
263 353
453 739
641 836
165 235
170 927
187 190
174 289
475 550
619 718
406 624
303 744
33 655
366 534
77 893
62 703
50 560
672 832
65 784
58 691
152 682
317 704
518 545
98 946
58 70
187 491
848 951
114 273
289 469
119 965
631 874
50 109
595 801
137 759
286 558
585 648
166 807
214 263
67 145
159 604
42 900
604 986
275 516
506 881
103 532
423 510
338 914
468 506
227 431
552 965
254 798
160 663
114 778
299 781
803 839
423 680
190 456
369 800
122 453
198 752
147 489
24 649
510 913
931 946
470 823
555 896
115 551
27 143
558 644
7 293
493 557
177 583
283 544
153 509
671 834
341 737
271 888
115 134
775 946
12 254
90 234
303 362
507 572
583 871
440 770
76 588
453 692
37 421
40 502
317 322
99 322
398 412
573 718
931 961
619 637
683 827
61 699
511 712
27 163
542 572
419 601
376 941
205 749
140 806
411 640
526 760
396 450
441 543
445 560
287 877
301 701
84 590
57 401
359 585
157 221
263 292
171 522
559 812
255 952
226 938
744 820
459 541
500 554
417 804
245 689
724 860
264 275
912 944
481 517
671 903
542 626
241 365
253 985
618 925
328 918
657 780
377 884
55 604
477 670
124 844
237 552
299 419
128 882
41 473
340 398
101 659
55 774
862 939
190 880
538 949
60 224
757 762
222 388
99 527
80 320
383 427
672 820
132 579
14 475
302 835
401 876
750 868
160 801
252 605
734 742
241 419
370 840
656 898
660 915
527 621
231 887
446 552
184 314
506 738
563 864
437 634
535 917
772 980
326 971
442 739
95 428
261 850
103 559
219 327
737 961
160 685
37 714
80 374
379 464
120 595
65 826
828 863
356 900
157 630
73 957
25 736
217 947
185 886
342 633
447 946
35 582
133 653
91 785
37 394
389 645
300 922
276 958
695 943
161 458
276 303
194 345
368 893
687 982
397 763
403 592
75 687
17 769
20 373
410 999
380 407
640 998
792 975
195 773
4 451
409 612
800 996
330 368
117 274
360 816
445 999
362 497
696 776
464 585
508 823
479 809
170 456
231 675
196 997
775 954
527 540
586 968
450 488
135 272
381 384
306 485
181 943
38 221
241 673
430 549
15 36
433 774
105 835
194 380
296 646
392 931
213 752
100 588
346 425
349 794
192 869
35 501
76 480
340 876
266 900
256 747
505 953
69 442
329 855
251 846
163 713
3 741
642 884
266 449
256 917
324 642
520 726
279 651
676 825
31 237
116 420
693 730
4 35
934 941
453 468
649 662
473 564
360 400
334 755
375 624
251 730
177 864
524 554
36 478
148 229
159 619
244 836
173 265
242 500
47 999
115 546
103 547
223 332
512 725
523 966
216 260
428 465
140 747
14 517
31 422
566 830
303 944
103 751
840 855
481 613
383 639
627 795
139 994
599 814
197 257
689 937
730 916
288 890
503 555
185 258
12 385
111 282
418 959
448 896
161 315
911 975
246 532
139 509
103 431
261 756
210 459
354 960
615 620
38 344
586 606
760 879
213 540
315 937
651 897
206 646
73 999
152 766
44 985
154 447
155 370
58 188
99 167
388 450
592 770
7 643
334 858
641 770
567 904
225 533
669 882
548 736
33 492
467 667
31 156
248 267
598 769
451 541
638 990
15 829
221 720
9 659
467 832
111 637
164 759
138 349
200 968
910 951
253 364
727 760
66 334
604 789
41 337
585 616
181 965
85 672
75 244
437 745
846 923
164 609
295 567
842 940
171 707
576 902
299 749
134 221
490 893
708 927
863 993
786 907
219 438
121 464
52 229
590 857
312 642
598 988
412 572
25 682
770 925
557 831
611 876
374 818
226 667
103 840
333 695
501 827
177 837
188 292
391 854
439 931
96 802
405 534
412 907
711 722
51 806
204 719
488 619
35 242
336 778
392 837
15 112
75 463
429 982
582 746
217 777
114 145
514 578
276 618
596 706
250 318
783 867
253 399
82 972
873 990
181 869
242 978
886 912
559 731
505 995
621 907
336 628
406 511
235 319
363 817
479 585
743 981
582 596
199 998
268 958
316 558
619 775
561 747
639 727
204 938
62 105
37 108
23 318
631 766
259 733
646 990
117 555
18 692
236 548
405 438
99 926
334 831
407 761
462 564
6 714
354 783
149 849
265 727
40 524
16 560
317 475
532 617
107 462
290 928
440 472
394 587
52 968
627 633
198 508
252 553
657 714
187 432
431 897
205 737
229 368
147 376
64 626
397 982
330 868
63 108
47 270
548 724
121 922
51 109
530 956
53 610
313 512
384 939
291 727
596 659
488 878
849 869
403 661
588 664
115 977
116 735
78 947
205 922
238 298
595 893
62 378
436 844
283 936
328 586
183 804
621 996
704 767
336 751
437 937
345 661
316 647
84 346
547 569
89 252
132 732
376 998
1 119
221 277
106 432
210 856
580 587
338 589
80 643
429 635
339 546
356 417
187 671
256 796
129 643
104 921
121 826
708 799
437 787
81 149
344 609
45 828
408 466
348 757
578 756
449 479
237 308
295 813
199 520
85 433
249 273
459 933
528 893
241 456
820 890
343 544
523 646
383 804
470 668
95 266
69 511
268 815
387 952
87 449
126 637
703 748
51 848
601 791
402 521
330 336
101 881
451 521
553 609
278 792
295 663
614 718
183 257
973 994
396 993
114 808
40 211
273 545
229 341
200 327
305 640
302 305
599 829
218 291
743 853
71 862
449 834
568 683
296 580
37 601
211 874
22 411
724 816
410 701
194 348
374 594
946 964
110 709
216 945
326 407
220 307
230 591
782 904
583 731
672 931
91 672
7 522
155 385
228 459
163 516
262 890
204 495
147 534
467 512
119 443
353 459
494 701
210 358
298 800
567 953
352 523
43 935
655 774
20 750
205 478
337 503
405 815
153 554
471 686
154 346
562 766
762 794
80 480
82 161
263 807
4 828
21 699
189 941
624 764
351 628
170 629
793 824
825 919
32 599
121 964
655 794
193 528
65 617
474 795
226 381
211 943
377 744
292 671
44 147
237 902
680 995
353 814
312 657
496 737
168 942
557 880
643 986
441 457
112 629
529 933
75 764
404 626
261 559
202 883
436 755
13 897
756 843
236 659
441 627
224 550
10 842
441 792
213 508
388 704
71 330
314 838
821 990
117 249
350 950
573 851
277 365
711 907
91 460
276 463
415 552
284 594
82 851
315 420
86 855
64 572
66 253
207 529
184 965
434 473
106 678
210 447
265 892
282 763
95 458
499 895
53 687
317 606
261 914
447 675
218 633
937 943
541 802
45 249
190 508
254 986
83 794
268 522
642 655
849 946
234 261
218 313
620 870
35 122
655 713
630 716
110 532
377 532
198 353
445 878
417 787
921 955
237 821
106 863
32 722
93 831
26 552
614 760
326 400
412 540
97 979
542 609
30 79
104 731
420 561
525 874
73 415
197 935
309 864
510 815
387 844
185 315
503 612
300 802
188 396
56 850
410 743
380 806
314 927
372 989
285 947
277 454
248 440
143 879
590 845
75 567
190 446
593 926
753 932
405 973
89 247
254 269
429 465
582 850
424 559
408 611
197 198
159 410
152 823
298 638
170 617
688 976
188 280
446 535
649 822
174 765
303 434
351 786
784 928
64 74
571 978
515 631
797 850
483 701
43 356
351 956
362 411
566 621
7 249
446 870
478 965
807 827
123 803
536 815
528 689
151 163
459 763
440 556
395 429
474 987
661 781
56 414
361 789
505 847
31 548
219 645
322 656
252 807
39 58
470 663
143 482
12 511
450 737
244 361
54 617
88 393
176 835
394 691
856 991
24 339
516 909
152 727
726 778
81 465
56 468
702 704
37 261
44 325
228 439
836 887
203 539
491 566
339 581
67 845
376 577
148 293
467 623
198 947
24 53
113 895
443 515
160 572
232 888
679 854
680 887
105 934
823 844
761 982
618 881
487 923
240 432
59 543
30 838
13 37
710 884
7 653
157 197
310 582
452 794
499 602
115 460
507 767
19 678
452 930
666 947
169 366
155 851
244 430
574 692
966 999
248 578
705 828
341 816
369 894
75 89
87 984
184 270
449 733
450 656
649 960
744 845
39 967
446 809
198 395
274 728
52 860
267 635
61 778
323 728
125 491
856 910
113 348
668 847
452 494
150 999
541 893
676 978
97 366
824 841
391 733
721 995
72 500
922 946
121 678
642 751
177 226
583 965
371 629
125 171
648 913
448 995
429 788
534 826
305 894
371 794
6 825
260 311
160 525
708 787
47 361
19 126
128 456
109 249
496 616
272 446
75 609
279 853
479 881
433 996
20 329
194 602
583 815
94 981
96 662
112 644
268 633
213 974
72 554
460 844
133 663
743 821
521 953
104 958
8 390
107 287
412 971
862 984
23 745
252 344
33 591
491 874
76 251
753 824
594 885
412 486
485 594
571 700
176 207
29 778
404 525
118 323
606 910
32 348
449 652
538 742
638 672
21 162
264 670
164 407
254 530
399 789
603 999
371 698
358 941
662 806
6 108
576 797
651 730
83 508
109 939
515 858
152 599
137 409
573 920
331 812
315 974
393 954
133 431
307 979
493 740
370 769
326 565
8 910
249 330
209 895
23 479
906 956
143 374
71 79
28 563
198 819
156 296
14 118
642 840
160 444
23 649
267 438
197 479
565 639
544 756
334 410
86 638
2 965
696 767
437 898
321 365
91 510
227 552
152 653
598 971
98 917
428 537
557 848
127 132
561 996
3 547
302 362
131 280
11 678
180 458
411 823
413 538
11 91
156 350
255 999
167 557
316 487
404 929
150 822
167 727
586 712
557 698
154 970
386 506
255 548
136 725
62 859
538 661
306 360
311 410
812 864
79 109
197 213
111 859
242 961
198 757
170 666
295 318
276 737
87 274
301 768
505 978
75 165
521 960
396 653
510 884
400 801
427 513
584 915
142 889
459 608
672 702
59 319
326 348
703 908
287 527
576 920
62 709
117 402
625 920
146 893
110 786
493 693
518 585
528 869
291 811
131 839
529 936
18 675
114 313
30 163
820 900
33 899
146 408
950 969
465 772
421 738
477 907
165 950
335 763
207 852
394 536
207 231
113 274
183 267
12 730
341 592
55 390
373 687
344 673
130 931
100 551
489 599
692 873
5 802
430 983
677 853
300 770
57 406
665 854
50 955
264 697
166 867
413 627
842 896
53 559
172 586
97 797
234 584
249 808
562 722
23 957
148 643
150 324
143 231
472 769
406 413
438 508
213 449
964 998
121 925
102 718
448 485
247 356
554 590
214 508
283 468
238 616
398 622
856 905
545 837
198 560
937 1000
45 961
65 913
62 211
513 768
702 788
96 773
574 911
29 384
764 820
591 947
219 914
434 579
206 405
456 977
112 270
317 547
418 602
129 961
367 947
64 397
537 760
414 789
836 855
238 971
699 892
329 873
240 817
544 682
416 771
728 762
388 680
447 500
494 950
380 863
54 605
69 174
229 945
277 511
546 664
58 753
19 932
89 925
934 988
518 607
697 930
3 473
351 542
66 263
541 962
599 812
340 943
155 484
224 444
437 538
178 839
70 267
63 64
304 891
175 614
32 513
149 204
411 919
490 686
166 219
120 334
108 225
267 583
732 820
316 549
389 801
331 773
494 970
146 901
47 561
117 444
635 769
770 888
454 914
367 395
134 485
660 970
309 825
298 749
559 776
296 447
417 632
716 832
342 843
244 869
198 984
450 794
276 998
634 874
189 623
525 549
683 874
212 944
282 827
165 371
912 937
93 186
402 743
632 708
170 442
557 809
41 165
244 452
488 883
243 516
158 443
376 954
57 278
926 931
8 925
481 646
254 395
611 990
681 873
136 215
11 673
242 286
281 474
53 300
587 772
71 880
92 768
59 129
66 502
116 255
148 350
212 828
209 459
482 904
801 959
186 895
211 926
88 955
388 803
949 966
328 761
444 529
28 258
306 811
57 749
291 621
166 458
310 959
107 672
823 901
624 631
543 562
700 964
264 453
81 406
67 616
297 581
243 570
28 462
75 747
244 637
88 635
292 989
539 749
481 831
23 582
168 474
528 529
244 938
707 852
16 33
37 673
240 994
323 901
466 525
238 993
70 895
474 677
90 535
81 795
312 408
138 887
24 800
166 357
41 705
359 837
529 650
646 818
101 270
33 123
508 932
66 906
481 599
245 941
441 509
243 639
359 517
423 885
518 765
358 793
251 770
498 640
64 774
294 739
555 766
641 906
124 339
703 773
389 658
370 451
2 147
548 872
606 612
326 383
515 880
656 679
224 937
196 204
718 821
720 979
402 881
251 654
779 786
840 895
293 556
371 570
556 683
244 726
546 910
163 657
620 907
789 797
433 602
494 711
166 882
793 911
376 641
52 64
288 479
282 815
154 938
129 286
733 929
189 781
192 862
322 454
94 922
430 848
644 700
282 364
201 950
199 614
387 711
242 274
206 822
47 773
349 957
1 888
308 800
487 497
176 429
245 389
16 457
263 327
110 419
400 769
55 139
398 467
176 599
2 803
835 901
32 740
831 923
704 935
189 801
487 968
495 989
163 425
35 514
96 623
667 960
35 548
439 786
653 803
162 633
412 762
179 538
627 904
22 170
43 810
866 957
201 514
316 359
368 694
332 616
319 550
178 950
235 290
682 843
76 828
80 190
51 176
50 452
224 725
51 210
401 746
399 410
597 961
279 829
348 789
2 401
236 383
100 655
582 902
125 686
444 741
345 878
529 958
156 237
580 605
632 969
335 581
69 509
882 954
7 786
655 703
216 758
24 36
719 893
528 571
178 349
361 506
77 805
57 675
679 837
594 764
302 754
74 580
479 741
973 992
683 985
413 896
141 518
391 613
160 856
119 256
146 445
265 582
98 407
109 614
201 418
76 732
290 749
206 324
911 988
403 947
519 715
19 661
328 707
26 557
520 808
104 537
20 243
623 963
566 858
855 976
439 705
142 495
93 351
556 574
54 184
193 928
303 390
42 75
248 731
244 748
783 961
63 749
698 909
364 664
241 693
485 959
27 55
931 989
334 386
134 835
405 813
253 828
207 943
32 92
94 779
568 900
152 629
504 846
362 668
461 565
218 809
848 932
401 1000
750 992
420 552
670 681
383 721
168 435
127 312
216 677
878 895
92 948
638 921
486 936
568 750
785 861
198 398
311 871
82 664
159 886
488 748
191 981
459 768
631 705
219 451
434 868
824 873
477 562
83 102
93 386
272 599
108 610
261 523
393 582
490 620
409 551
682 831
68 213
108 159
54 423
530 880
31 859
33 574
3 912
623 882
36 178
568 969
69 196
314 385
419 698
533 929
392 399
239 766
606 893
207 527
152 868
452 716
10 690
223 818
125 844
172 377
73 514
14 838
214 313
263 423
248 985
319 626
49 60
148 434
50 460
609 976
378 433
253 781
154 263
232 898
549 651
147 990
146 302
120 657
91 643
449 519
381 959
684 901
177 783
238 892
82 248
430 959
132 792
97 472
432 640
48 498
186 693
188 374
182 238
108 849
458 599
202 334
196 670
561 610
728 819
71 397
31 928
360 824
220 327
339 941
373 717
540 926
383 524
602 958
112 546
168 272
13 28
102 393
275 300
320 904
21 49
526 795
223 722
79 863
327 347
207 596
493 942
67 754
43 921
15 665
16 588
115 485
752 947
103 486
77 731
68 957
19 703
164 595
22 451
530 969
248 603
459 877
123 330
56 528
230 835
59 753
178 780
60 676
706 912
243 723
59 787
68 841
36 602
83 410
169 241
268 890
139 613
441 797
462 816
195 986
712 945
113 373
152 671
82 822
85 426
565 997
292 861
77 465
376 390
4 247
176 498
825 959
311 748
654 801
582 616
340 618
545 751
471 610
717 722
441 982
115 724
226 586
550 691
278 921
180 981
160 851
4 97
136 777
555 584
187 568
124 157
299 353
29 919
157 175
694 741
50 938
190 814
580 785
198 945
183 755
498 793
67 222
588 916
10 882
354 968
272 976
386 408
350 956
418 647
105 932
525 675
790 994
345 743
173 628
530 602
421 455
143 379
15 502
74 930
469 807
627 954
496 996
226 941
219 848
349 440
391 997
61 557
92 894
76 781
64 161
520 653
605 836
535 987
206 504
554 573
170 287
165 381
97 179
98 102
85 345
100 569
15 973
165 517
681 718
567 631
209 755
17 33
783 806
24 406
485 804
417 492
918 946
202 861
616 796
193 322
147 547
377 436
494 714
712 748
130 702
254 740
174 285
315 849
73 741
818 874
64 346
134 229
524 855
292 664
264 298
667 778
120 549
182 581
385 868
38 557
571 663
717 845
204 392
229 423
335 384
63 614
420 601
666 713
369 946
396 658
10 801
109 698
473 715
246 464
617 883
225 610
460 992
576 760
6 823
18 311
377 621
208 875
310 819
280 439
168 785
51 329
557 723
115 697
860 940
248 480
304 539
319 873
663 959
452 546
265 516
194 634
730 897
13 124
27 590
659 669
79 925
289 684
580 758
739 841
26 326
429 840
53 515
271 549
502 948
316 532
921 933
634 973
392 865
239 611
113 415
385 937
108 509
36 979
25 759
185 875
129 528
478 554
519 533
4 289
525 983
481 779
151 504
773 776
677 994
33 439
191 764
559 924
249 648
39 268
707 931
773 946
197 593
524 774
106 856
413 768
397 655
41 735
786 868
137 373
661 705
533 828
192 823
156 745
73 243
294 468
39 603
582 993
644 860
42 63
471 987
229 546
161 986
162 744
666 802
567 939
113 804
573 768
817 924
10 303
189 626
790 900
590 804
863 974
15 209
144 834
618 955
166 606
357 750
227 715
103 821
215 572
273 634
695 700
303 427
267 320
126 542
67 148
184 426
274 549
533 562
248 938
62 522
101 820
246 602
123 665
52 94
90 634
52 880
24 899
125 477
287 641
203 968
463 904
47 633
1 748
579 816
394 800
714 922
572 600
105 577
320 352
251 869
236 679
420 759
194 908
149 946
311 743
169 290
357 518
129 986
250 804
11 609
529 934
378 707
189 996
455 963
7 631
63 690
506 749
249 451
555 749
128 292
103 439
249 621
274 652
691 956
11 294
394 568
67 387
8 711
138 303
227 503
427 696
520 934
350 500
178 694
6 579
640 994
726 825
415 757
440 788
758 920
38 818
40 389
466 577
334 832
620 890
333 930
149 229
307 664
216 788
151 696
388 759
49 888
810 969
160 750
380 908
109 343
43 608
170 583
661 897
603 869
160 920
416 564
522 800
264 579
698 754
296 341
234 296
641 793
152 959
719 807
427 464
248 256
590 661
679 751
25 520
629 985
302 804
312 645
447 730
3 402
221 913
439 769
510 685
840 947
167 378
657 934
395 696
242 311
214 220
758 989
205 336
651 654
35 832
162 165
22 323
222 993
470 799
536 665
314 831
85 899
430 599
93 95
39 359
214 555
1 571
229 889
289 965
519 930
78 662
140 694
119 840
107 697
267 813
778 969
351 656
217 329
535 736
482 648
583 978
120 899
425 687
914 998
452 842
113 730
154 709
155 632
743 950
187 837
184 502
679 786
16 58
137 353
70 551
540 867
90 846
390 694
147 330
19 309
511 989
337 750
339 431
485 723
226 744
439 838
372 559
812 938
603 958
279 381
13 925
50 960
9 470
666 913
234 419
121 255
294 880
82 544
242 550
313 466
818 924
476 553
203 273
21 626
766 869
757 985
251 625
340 825
668 929
271 899
288 770
203 409
391 815
91 789
731 889
637 783
50 975
170 760
295 412
387 968
157 348
26 390
573 763
162 909
180 703
611 687
537 711
442 831
384 913
385 836
98 124
631 673
603 692
443 720
196 229
32 866
132 686
201 921
15 340
721 927
509 591
271 298
432 704
573 613
4 324
202 228
780 904
148 969
592 985
456 948
237 713
466 789
270 566
179 829
85 217
332 742
129 932
97 216
720 888
335 988
68 516
735 805
820 878
201 320
184 926
4 208
116 758
506 729
584 709
323 394
50 258
278 576
600 1000
182 317
616 969
565 672
18 333
519 787
793 990
232 827
682 984
319 895
177 717
681 775
249 281
348 930
365 835
9 273
376 400
684 1000
223 767
293 650
489 844
690 719
144 413
104 944
335 557
723 881
46 295
118 624
755 976
206 411
194 957
458 698
553 578
165 322
646 816
463 769
306 878
48 932
570 653
643 905
336 338
358 626
238 875
82 231
270 970
227 799
179 583
387 941
198 955
2 111
2 897
276 348
565 741
20 83
892 956
164 728
728 972
241 984
11 474
128 676
307 344
107 172
352 361
673 883
82 450
143 559
478 727
3 62
321 836
535 997
52 814
266 556
240 911
639 656
700 765
159 842
1 551
438 841
192 860
725 932
381 880
565 960
64 506
681 728
697 985
440 687
37 959
833 883
596 956
150 638
454 503
429 781
630 766
100 298
273 923
458 651
288 526
826 981
895 941
230 498
978 1000
419 518
3 247
479 704
663 784
425 968
96 451
313 562
242 777
139 145
864 939
671 936
618 958
102 314
849 880
192 293
897 957
21 101
140 238
710 927
25 870
241 568
213 312
282 547
343 656
645 840
473 725
74 359
780 946
165 261
7 900
137 969
50 450
269 373
231 585
147 912
158 367
126 919
438 910
94 203
510 584
165 596
316 828
758 888
342 617
139 330
245 291
501 865
448 887
449 645
719 721
490 514
723 869
555 771
309 313
429 850
170 216
476 514
217 645
18 375
178 381
46 487
268 326
371 992
56 299
325 452
194 494
313 631
848 861
660 798
13 18
526 751
693 960
469 790
37 296
123 402
500 962
253 471
419 893
127 275
80 742
178 852
243 795
648 990
871 896
166 266
320 574
313 481
691 964
338 989
97 162
75 521
230 587
373 722
115 776
157 683
600 776
845 855
331 335
144 305
473 644
149 722
465 827
234 284
808 990
809 913
211 754
124 379
817 900
454 641
293 882
235 377
144 640
244 295
31 201
305 404
267 616
238 602
838 953
398 608
20 911
182 564
143 887
452 509
504 844
102 287
90 144
302 957
337 800
653 808
208 523
47 793
195 656
494 581
212 671
564 744
315 682
145 903
648 928
433 642
79 437
96 308
351 959
556 927
340 574
84 199
223 427
197 672
15 860
434 735
519 918
18 464
62 702
142 392
84 364
292 701
118 250
508 876
828 854
182 618
397 870
9 889
372 527
182 783
648 778
237 612
297 798
626 660
36 593
801 856
201 505
498 783
211 823
441 788
327 591
317 582
51 987
688 718
68 546
273 514
329 607
215 520
17 760
162 542
160 206
423 844
146 416
242 989
686 696
126 490
257 592
488 514
103 449
690 899
335 737
306 723
337 452
541 662
129 230
431 689
704 859
39 416
312 586
159 201
513 537
366 602
61 848
376 886
106 354
32 213
108 546
109 469
313 789
742 948
446 462
391 803
355 725
347 599
175 484
230 895
322 699
173 182
116 842
194 822
440 934
211 727
281 610
609 824
708 721
350 845
470 740
597 715
166 254
360 657
842 904
608 927
505 570
246 735
667 734
454 784
310 925
9 56
352 827
167 203
95 673
742 832
168 270
561 943
2 461
302 309
72 488
109 489
248 717
124 823
96 766
759 873
560 734
747 908
286 675
130 673
160 479
650 713
439 444
249 700
241 849
199 326
45 770
174 460
45 935
664 838
3 412
398 766
67 602
7 560
109 538
427 945
448 833
857 862
608 661
134 574
202 231
264 740
75 277
674 985
330 933
367 785
502 904
191 836
272 284
357 467
49 802
782 792
186 309
593 806
603 613
408 457
195 363
61 146
379 443
139 781
338 430
561 847
44 922
68 553
115 217
505 843
365 823
116 761
491 508
367 504
91 764
223 789
105 575
727 847
197 379
13 920
128 930
527 785
605 799
495 716
147 791
10 996
370 553
697 768
168 810
602 875
443 661
275 838
9 145
65 204
436 623
407 609
383 645
604 726
513 714
414 948
57 387
1 349
21 956
253 602
486 826
139 515
699 920
413 608
1 485
320 540
139 680
115 606
345 571
246 708
696 721
711 945
729 883
124 626
771 785
328 836
179 319
152 738
367 403
108 534
775 933
86 893
186 548
504 955
293 542
388 422
664 961
289 559
923 974
151 398
23 487
865 946
464 899
446 620
231 989
112 231
404 883
276 972
133 871
409 645
108 253
569 795
258 727
655 901
518 519
17 686
129 437
103 792
289 443
409 980
322 605
179 504
26 871
167 395
43 776
303 403
575 925
375 719
92 776
58 379
377 434
232 652
465 876
608 799
267 461
68 191
137 903
814 834
226 338
285 766
686 957
818 838
516 688
35 985
6 971
247 391
77 887
194 413
148 528
195 336
370 676
91 567
310 967
828 849
300 539
618 946
98 285
114 267
566 925
217 278
661 949
22 777
535 719
710 915
125 822
25 237
645 828
154 658
474 636
31 852
121 354
213 635
293 325
129 962
143 786
132 600
183 386
121 524
266 783
579 807
335 397
211 503
378 712
43 680
372 542
28 490
85 582
543 755
666 765
320 377
351 824
613 918
715 896
59 342
4 573
159 162
447 632
251 443
480 684
12 869
586 920
200 311
646 996
436 616
28 505
522 756
103 294
74 280
560 680
494 665
53 397
113 748
259 288
144 443
935 938
719 894
687 833
292 450
748 942
208 777
826 922
654 807
206 475
307 805
394 593
155 199
313 634
216 308
131 712
443 703
664 784
191 442
63 565
232 455
253 343
380 462
127 899
93 502
563 789
401 481
288 317
435 912
20 598
523 733
281 625
48 676
92 914
140 480
11 203
144 628
72 168
204 848
91 506
2 340
941 986
85 370
741 924
270 884
502 530
592 687
450 509
523 583
132 233
335 520
184 424
420 907
188 606
27 226
96 461
97 219
216 998
202 566
750 828
356 874
660 739
5 729
176 942
824 859
23 413
54 108
674 830
446 546
192 439
47 966
454 533
499 694
192 604
79 440
384 815
331 727
362 422
104 476
261 878
895 971
632 642
533 779
105 255
89 142
938 940
650 947
9 761
209 679
672 868
509 527
570 636
614 874
346 466
260 669
635 893
333 743
350 614
136 906
695 767
915 959
142 735
509 862
84 707
224 583
169 924
716 820
274 616
45 684
294 890
187 241
333 423
94 684
19 785
568 805
973 1000
138 301
472 546
167 792
83 642
51 369
557 763
427 728
386 571
635 777
510 614
308 761
812 929
95 156
359 552
45 568
176 560
793 892
361 398
224 637
258 688
441 845
446 785
314 891
519 859
818 983
57 82
145 524
310 913
524 930
495 916
105 324
282 966
150 320
58 796
283 745
828 960
317 809
547 664
212 496
701 807
84 475
94 282
90 925
103 171
62 978
652 867
395 679
481 819
800 874
400 750
744 836
303 568
716 855
2 784
172 597
822 850
203 769
188 579
288 509
838 929
148 489
9 680
724 876
611 712
485 516
361 753
18 624
188 880
754 983
742 840
483 971
162 614
153 730
216 520
457 726
316 961
547 849
507 793
538 965
146 692
83 430
355 952
422 576
459 577
215 932
80 957
298 991
373 602
675 786
144 670
99 543
562 622
418 598
382 520
258 791
114 767
618 825
474 966
3 284
795 812
218 701
2 382
227 590
366 708
223 607
53 828
267 845
29 851
476 817
156 218
971 991
96 823
10 62
467 587
225 623
388 676
178 951
736 745
18 979
39 241
3 789
184 500
147 779
417 860
296 709
126 165
397 764
156 689
370 706
16 847
643 876
545 936
418 783
767 775
212 585
253 454
489 869
51 711
446 588
197 416
26 989
243 778
30 351
434 479
621 928
173 274
32 509
435 989
231 336
292 445
96 222
20 675
334 347
152 425
166 249
425 870
207 870
733 849
500 625
159 177
102 837
273 408
753 869
320 727
639 782
376 896
65 862
402 855
183 455
41 277
83 179
470 546
693 963
58 934
47 106
200 491
360 497
208 622
66 444
642 831
411 930
487 621
592 934
244 865
331 653
581 748
274 658
347 910
151 687
332 720
175 795
35 953
161 528
512 788
350 370
38 523
315 985
199 452
685 716
557 805
333 635
521 732
541 993
197 941
486 713
660 986
367 610
127 948
253 523
26 272
71 876
171 531
491 619
446 657
279 482
308 318
581 763
638 902
241 859
525 594
141 418
306 807
703 981
173 513
59 426
464 621
455 737
524 972
210 823
471 850
218 844
171 381
906 982
119 981
100 774
407 686
414 923
432 717
219 767
440 848
424 735
77 589
35 66
154 680
51 800
331 688
846 966
119 661
598 832
380 832
241 913
725 841
355 489
8 68
12 182
229 293
216 392
200 279
63 484
115 848
479 865
300 576
219 617
83 923
497 858
468 954
10 705
513 840
613 770
200 580
141 186
22 329
305 306
492 501
367 849
156 546
254 795
215 974
102 810
188 641
134 905
646 814
21 597
521 685
667 867
197 239
460 712
505 873
546 852
205 226
608 740
264 688
452 916
900 915
446 746
202 480
153 506
479 798
301 513
113 450
212 457
718 851
234 745
303 980
277 714
164 275
155 522
317 974
172 427
301 848
187 761
13 965
59 884
539 834
48 664
16 603
662 839
6 141
80 282
51 268
309 693
165 559
379 576
169 673
188 259
762 965
292 958
583 922
190 726
563 826
107 976
943 990
308 961
886 995
340 414
310 642
386 975
212 846
187 946
91 378
158 966
222 370
151 763
178 441
974 986
76 353
266 739
661 760
714 772
255 697
131 803
158 481
6 530
452 670
138 555
481 718
210 229
567 824
440 870
128 913
253 565
518 884
87 423
683 762
325 886
291 489
79 428
511 681
341 522
712 941
371 970
33 713
307 916
549 736
495 1000
87 894
53 222
207 666
123 516
727 884
353 515
328 518
686 871
1 468
148 408
247 305
394 554
782 844
494 961
152 590
487 902
173 609
718 824
90 859
86 876
246 992
292 911
39 727
438 472
170 719
560 690
32 524
769 806
462 716
466 733
651 736
537 539
250 689
773 954
610 613
353 734
385 829
693 808
635 780
59 537
239 673
512 953
481 637
632 869
156 923
471 995
208 637
307 534
91 181
74 310
322 758
939 980
189 464
371 724
96 286
269 911
385 679
818 821
3 839
515 748
733 782
133 908
326 421
212 368
213 768
371 438
243 527
1 86
40 274
251 692
664 979
678 803
368 527
627 873
613 716
380 492
356 418
258 444
39 796
287 314
14 178
42 911
622 626
56 80
425 789
154 811
109 849
464 466
113 211
36 741
712 914
516 725
110 738
389 881
336 903
135 774
463 878
245 878
192 900
238 819
488 914
795 999
266 931
71 775
285 517
269 679
57 343
59 776
115 392
403 862
376 529
237 610
92 173
310 684
165 902
141 938
470 800
211 821
618 663
84 867
346 927
445 968
693 761
540 853
264 348
120 599
422 783
741 838
713 747
243 465
648 660
428 612
824 889
257 420
45 359
347 543
192 954
15 422
89 322
162 671
464 855
19 460
39 700
407 750
630 656
286 604
362 903
289 685
172 538
551 779
825 982
49 711
62 599
236 872
867 918
541 660
312 584
69 828
746 759
305 491
77 959
365 698
109 433
290 466
37 903
898 914
70 921
43 111
634 688
549 982
5 357
64 785
294 750
294 784
113 130
280 339
329 960
543 977
409 650
874 997
117 933
789 924
48 829
754 774
422 687
334 520
164 741
583 616
269 467
603 843
648 729
713 986
183 628
179 645
488 547
591 938
420 856
104 405
75 391
551 848
179 815
393 832
343 935
212 977
458 780
762 810
192 873
61 915
20 281
168 909
461 583
668 984
470 472
85 538
138 550
115 365
221 436
236 660
177 984
695 866
516 548
123 661
534 997
719 1000
753 776
806 898
146 872
385 891
7 442
119 198
54 106
61 314
220 562
235 786
407 723
412 773
444 868
369 969
209 997
56 743
719 884
576 783
120 456
554 631
508 746
629 931
431 694
729 861
383 473
56 292
1 633
807 875
246 822
631 743
190 475
404 492
60 440
359 365
36 953
232 411
65 988
243 623
142 602
111 252
527 633
229 466
276 785
401 437
809 857
77 646
435 999
63 856
179 734
597 686
351 883
109 775
180 691
142 903
27 162
409 759
163 956
263 611
89 815
116 493
311 963
265 423
331 949
486 538
714 856
693 973
468 880
75 849
450 596
520 649
407 962
537 554
223 405
328 718
427 615
367 906
159 207
102 867
472 598
283 612
71 551
73 232
187 463
432 542
304 631
538 613
82 907
319 999
525 890
497 799
567 792
530 652
156 938
301 720
829 886
58 998
350 720
101 658
321 706
463 538
223 876
363 752
37 494
306 647
56 211
418 581
393 859
230 518
345 638
860 916
134 225
623 858
786 911
210 702
239 737
54 79
430 881
121 638
836 999
365 959
943 993
813 958
253 553
138 708
382 974
386 978
932 951
70 362
388 693
375 936
5 584
134 895
499 835
260 475
252 624
249 255
709 874
123 368
685 931
492 967
275 523
813 978
33 415
72 713
81 767
198 293
427 534
257 755
558 636
211 215
201 683
185 570
326 369
537 643
147 816
676 871
745 831
107 582
777 926
337 581
291 696
522 584
496 664
211 385
614 865
41 881
356 919
533 940
189 888
187 552
127 877
469 776
751 830
563 767
580 638
438 460
67 75
8 399
378 895
196 496
255 924
616 881
268 812
457 832
188 535
70 431
663 689
32 677
479 643
916 933
251 490
69 91
222 476
41 110
632 687
400 420
375 554
853 967
567 765
122 514
457 716
592 801
458 474
375 724
809 899
114 519
99 329
221 547
498 831
817 920
712 882
579 593
476 603
546 596
348 726
222 496
89 202
34 577
514 671
166 602
645 663
86 933
526 806
118 420
613 704
228 660
332 607
55 931
147 735
534 992
7 893
740 883
66 666
608 989
320 629
37 686
221 766
69 126
333 522
49 344
722 735
783 878
784 801
571 817
156 194
262 320
148 233
404 807
348 460
90 514
28 796
166 336
340 609
28 175
703 902
619 752
215 336
521 634
295 817
93 288
212 425
39 552
194 618
316 836
103 886
72 570
248 833
796 820
813 1000
387 922
518 914
269 852
75 344
180 657
580 946
369 533
104 523
66 735
154 247
196 804
311 924
545 796
415 583
256 534
246 871
305 644
114 977
162 543
465 650
291 854
3 494
337 773
194 672
742 934
689 956
555 629
144 298
386 773
359 550
547 812
371 680
662 788
425 730
294 772
581 753
138 804
466 743
216 784
98 714
457 990
106 845
43 434
13 497
721 765
852 867
23 985
328 883
112 530
135 880
766 926
266 872
285 424
731 742
213 894
444 782
535 697
710 893
125 897
271 437
96 917
95 339
229 700
169 991
127 468
128 391
651 766
682 938
708 892
328 733
19 852
945 955
29 664
745 893
156 783
705 837
176 292
252 735
665 747
841 900
331 528
33 361
633 712
449 742
73 582
348 433
59 902
235 269
222 237
168 611
553 566
233 868
532 683
55 337
77 900
31 360
15 247
65 170
155 293
283 681
56 561
261 529
118 462
391 907
22 169
599 956
772 960
371 803
388 708
520 733
277 369
453 965
798 809
125 515
389 911
395 460
344 805
250 958
4 115
103 122
246 975
208 435
381 950
591 675
742 907
7 615
612 728
632 968
70 261
576 655
393 608
503 712
450 734
63 844
50 335
781 788
252 353
166 999
197 584
487 735
343 876
84 897
459 644
288 630
163 978
636 699
45 874
465 507
78 727
505 728
74 744
176 245
224 943
122 344
312 730
87 160
100 703
199 600
315 478
72 447
414 852
287 864
350 654
131 254
518 786
466 566
34 858
209 399
456 924
9 515
124 360
547 970
30 534
419 472
422 663
15 200
9 685
300 471
85 363
452 490
288 650
426 845
223 558
388 947
513 599
178 567
246 879
87 830
521 730
288 815
251 675
799 937
893 928
652 853
95 817
469 840
800 860
454 472
458 489
110 420
101 646
399 813
346 725
465 862
99 344
293 747
589 612
585 778
471 547
350 422
208 388
363 454
26 741
23 372
256 630
414 887
344 928
922 962
172 336
392 494
436 732
437 621
712 747
12 500
382 996
555 856
214 408
13 389
287 482
822 890
359 811
244 966
680 822
36 744
105 869
180 802
557 707
597 928
395 399
236 350
415 563
98 975
528 858
126 301
149 622
819 966
418 919
436 747
179 559
34 777
384 527
429 688
267 380
71 191
110 489
62 417
302 556
392 679
580 776
21 294
116 284
303 623
342 926
216 895
326 357
155 165
159 182
202 594
589 851
312 737
296 899
815 872
514 755
531 626
570 814
555 624
376 450
524 588
367 697
109 751
27 759
28 826
551 947
696 729
217 702
218 625
614 737
107 619
426 818
558 843
57 245
828 924
261 455
423 894
840 923
8 271
283 908
254 561
277 882
597 716
89 675
956 992
92 279
323 678
372 966
2 947
544 903
285 924
217 722
147 873
491 959
117 480
639 822
725 962
369 767
897 899
668 967
508 995
169 705
55 618
115 969
316 920
505 940
592 804
677 911
377 408
121 798
75 258
298 785
512 527
205 327
34 245
166 925
473 837
531 899
12 638
104 442
163 870
105 842
216 227
623 834
306 827
149 459
198 569
269 485
146 991
787 844
279 973
624 783
21 97
131 966
491 523
315 574
674 850
144 382
290 708
331 577
286 725
44 617
344 465
320 501
541 582
122 741
106 793
424 925
928 983
466 827
353 663
82 651
102 781
522 579
578 748
20 954
447 790
90 837
101 402
452 552
135 178
640 924
139 947
272 620
455 942
38 782
465 754
603 949
291 992
592 873
62 405
381 460
91 930
7 780
120 289
124 306
356 594
112 949
44 637
359 819
290 893
193 567
692 719
81 947
24 200
221 823
269 389
741 863
28 348
287 694
432 476
217 845
2 415
517 693
513 710
65 991
289 540
180 393
76 590
486 691
755 844
127 237
42 840
343 721
645 905
405 622
153 982
232 749
736 807
605 849
671 720
6 277
583 587
558 700
692 739
41 120
586 812
259 631
618 907
275 888
231 684
93 966
308 631
115 942
416 548
124 205
90 455
125 919
585 739
323 501
128 1000
372 789
124 375
94 603
573 774
55 271
63 292
237 874
667 757
241 988
51 458
589 913
848 926
591 628
391 710
631 849
74 813
607 885
145 729
90 960
378 809
225 424
364 542
190 746
638 745
298 807
702 935
620 943
371 771
458 635
144 520
622 658
494 747
523 892
797 985
329 384
200 893
362 546
358 563
77 267
307 921
180 933
30 768
335 999
434 896
685 749
208 403
51 478
110 906
65 944
751 759
166 632
28 471
29 871
269 643
126 432
88 678
64 714
149 787
144 404
670 860
568 628
81 750
382 390
130 750
846 979
215 967
127 525
493 532
222 410
380 845
178 481
381 802
412 497
299 810
357 660
43 545
84 414
183 421
557 887
171 278
184 821
1 774
44 324
644 785
195 556
575 859
350 622
23 441
122 448
464 853
527 643
685 968
66 410
325 756
424 763
772 866
759 965
174 838
648 959
202 308
60 130
348 490
417 725
332 652
153 334
504 623
613 953
105 147
611 651
270 646
582 637
438 778
733 869
544 883
286 937
364 917
42 527
623 930
644 669
248 528
233 338
31 451
627 790
12 283
362 785
502 661
57 376
375 673
300 774
81 654
3 19
751 998
84 769
459 516
181 474
53 563
598 778
864 876
566 709
16 111
233 974
196 834
93 202
296 764
512 973
28 390
344 862
149 706
709 980
113 633
723 791
19 527
270 414
474 755
304 976
16 616
133 894
327 676
122 852
258 750
194 416
372 981
589 770
257 992
135 158
176 302
102 441
574 881
11 704
13 862
42 111
503 653
764 790
58 402
3 743
135 459
551 730
784 954
23 695
197 525
81 102
111 516
502 900
375 912
156 512
27 843
279 653
46 429
594 835
217 786
57 164
26 778
44 297
819 954
583 819
474 523
266 956
133 662
538 857
67 817
659 675
85 755
213 488
14 218
184 474
129 815
381 625
867 889
190 303
147 787
383 471
806 916
325 443
330 493
602 905
476 675
342 458
566 798
292 739
607 777
670 732
156 246
673 847
723 880
291 386
61 531
205 377
121 227
154 735
471 488
413 735
243 956
135 863
111 134
3 497
202 801
440 787
278 513
756 926
97 658
51 118
200 669
173 336
534 948
203 750
63 253
105 810
594 788
23 197
342 362
222 501
446 951
721 802
45 904
364 993
308 646
220 479
425 447
395 510
435 731
534 628
510 664
396 467
799 947
452 636
25 834
185 950
429 629
410 422
547 864
376 507
434 522
379 863
266 424
40 573
11 226
310 793
85 878
82 619
643 672
634 898
789 964
56 243
378 523
709 818
221 907
298 521
142 519
578 886
150 506
274 434
410 442
858 918
599 939
39 809
38 920
341 372
620 958
286 713
178 932
146 693
187 195
336 746
724 761
765 905
353 651
70 530
56 263
96 484
202 589
85 442
390 673
145 628
422 912
308 715
50 114
109 542
200 457
143 462
274 454
189 381
633 730
694 839
334 949
436 893
292 426
683 797
626 836
242 660
46 471
318 993
811 844
533 802
536 883
62 141
128 633
41 258
211 514
158 570
364 461
93 483
104 213
210 284
499 567
523 675
313 950
413 592
215 832
16 562
573 708
461 978
297 994
562 692
