1000 5000
211 398
579 872
203 437
422 981
253 470
585 591
113 628
279 429
75 253
209 436
376 645
423 453
396 775
682 943
818 841
267 629
504 692
521 563
61 88
537 710
147 883
448 654
34 575
183 505
27 503
17 840
117 660
89 404
309 871
7 66
223 896
814 852
302 655
31 855
711 867
107 533
753 769
86 650
110 137
579 810
17 69
12 954
48 440
286 536
552 642
228 542
645 846
423 978
493 971
577 678
535 907
189 519
240 821
194 281
352 606
55 983
371 944
684 693
47 511
239 612
449 481
856 978
36 946
383 602
559 590
529 928
865 888
376 399
13 140
433 525
332 504
378 866
324 378
94 544
199 236
458 726
409 752
194 466
100 543
165 486
315 318
74 720
69 227
120 639
869 886
78 868
395 621
653 876
139 356
502 649
457 687
513 856
300 762
43 131
265 756
580 828
19 665
670 951
153 371
871 936
560 868
85 203
483 777
863 941
334 540
623 933
145 554
625 981
361 729
4 776
365 733
224 968
93 355
684 932
387 688
246 268
429 590
443 891
30 224
660 989
193 311
796 887
410 553
359 733
540 792
166 423
668 834
528 814
427 793
562 768
513 624
262 742
163 402
531 562
469 700
404 608
133 596
714 889
465 717
799 962
841 864
170 631
35 656
976 983
212 677
185 344
518 865
690 802
279 471
263 358
436 873
165 895
178 306
398 498
675 782
158 967
459 738
185 679
435 630
397 876
615 910
283 810
465 737
336 460
922 987
304 863
104 945
351 815
626 666
483 565
542 993
242 490
51 823
446 700
271 538
743 978
97 742
303 633
821 958
379 966
494 942
424 438
67 485
254 934
802 955
420 460
77 331
688 889
248 654
364 422
17 111
221 321
265 559
77 496
396 551
686 702
659 678
299 500
106 646
60 761
57 502
261 746
153 965
907 982
295 522
113 288
782 845
49 234
294 423
220 447
653 733
183 451
482 541
242 879
184 851
402 885
906 943
361 872
677 833
894 944
500 990
405 455
99 943
418 998
308 915
309 982
587 880
253 635
138 790
875 907
231 352
195 921
178 395
148 458
551 972
74 626
49 904
493 611
569 944
452 488
338 401
253 970
108 703
130 548
489 934
90 458
539 857
223 241
623 674
367 742
64 192
740 842
392 773
395 998
72 179
458 788
672 805
672 839
216 989
287 630
318 325
232 971
203 302
295 761
541 873
484 912
570 743
285 464
617 695
10 647
557 986
404 635
47 792
444 856
213 313
677 902
245 408
393 559
394 959
262 313
350 755
133 788
800 912
354 869
647 658
488 609
573 792
125 350
587 983
270 609
589 664
605 921
797 988
393 894
631 736
644 768
363 472
35 533
74 831
425 538
368 577
470 665
257 571
70 266
360 582
229 624
46 944
581 697
453 786
365 378
49 71
297 962
378 410
598 877
434 783
89 153
187 402
520 923
104 652
933 935
220 420
204 307
305 637
139 186
227 628
264 480
685 801
89 318
124 782
269 564
299 978
129 544
360 466
217 365
642 800
440 947
139 521
842 883
301 960
790 828
105 771
422 668
491 903
683 970
465 493
147 196
524 921
210 641
364 949
328 876
118 973
15 341
205 727
331 336
105 485
195 608
193 272
309 839
927 984
339 598
390 900
310 618
189 438
3 56
283 455
352 690
86 618
72 938
105 335
492 702
398 779
554 878
94 293
489 791
115 967
58 972
178 888
424 869
470 788
25 393
597 763
331 691
690 967
789 974
378 499
263 654
98 160
615 871
143 908
187 525
29 842
475 885
348 897
277 648
653 829
140 232
78 986
768 805
857 895
347 832
6 827
183 848
41 670
81 925
729 842
290 386
20 986
54 107
70 89
129 517
285 540
18 820
681 961
911 926
752 877
149 191
556 798
499 693
453 808
201 560
260 333
101 119
342 946
443 524
318 872
28 176
134 137
573 868
321 953
680 862
336 810
392 869
101 250
76 253
448 595
364 922
23 917
123 847
25 598
383 508
459 807
213 826
12 220
373 832
426 954
620 702
163 486
50 799
478 558
118 490
599 984
100 211
139 543
588 942
690 920
952 980
327 632
337 473
511 746
754 777
152 601
53 738
276 500
191 448
48 347
614 927
283 729
484 892
455 878
253 349
24 417
709 951
516 987
86 926
286 511
689 991
154 617
117 786
64 187
904 936
512 663
273 924
429 913
516 667
458 783
505 591
391 504
262 594
180 911
709 801
37 810
169 526
221 890
228 954
112 565
201 930
301 585
207 450
447 911
366 842
195 650
40 440
155 560
353 464
100 901
71 887
58 378
300 853
393 724
337 377
261 830
568 742
205 483
70 513
1 587
139 782
72 980
16 156
174 481
578 719
864 955
511 951
410 930
250 303
204 418
370 840
43 659
317 862
153 763
21 117
3 603
630 632
204 554
59 772
161 273
105 581
1 301
101 708
34 154
140 390
205 333
447 475
143 615
159 762
87 577
128 446
745 812
15 903
938 946
611 765
514 583
338 485
115 859
543 618
300 587
386 727
43 708
177 891
612 714
35 713
726 945
69 489
374 421
13 286
316 393
46 959
748 921
680 719
119 556
506 923
235 324
491 733
737 845
47 405
77 819
541 656
11 298
672 758
56 936
241 939
501 566
196 812
416 970
562 675
28 989
260 525
97 294
129 389
50 656
767 808
107 127
543 672
68 759
547 820
229 523
104 871
738 964
699 941
565 614
739 887
270 528
496 510
36 69
573 910
292 614
580 974
769 994
121 422
365 578
598 946
550 725
287 734
471 814
172 268
119 324
158 622
596 814
239 861
336 532
383 851
170 757
559 805
461 865
100 287
421 809
593 746
482 918
249 694
365 462
368 831
838 935
372 979
216 977
733 936
704 922
360 870
40 127
312 649
134 364
203 324
416 418
252 578
604 680
219 581
493 784
667 947
350 573
672 997
237 409
169 718
369 911
238 953
132 853
445 602
327 388
735 952
145 885
564 760
466 621
107 366
499 673
455 469
367 779
572 747
71 293
299 611
41 665
31 237
349 644
3 256
390 513
478 955
663 793
20 161
653 674
94 192
68 547
684 846
627 741
522 708
177 864
51 668
61 475
555 726
356 456
739 806
283 990
246 517
274 629
691 933
79 473
348 626
697 762
562 648
12 50
412 483
114 793
428 465
301 477
374 729
132 621
101 415
55 530
767 781
434 936
685 789
20 346
550 848
771 929
207 541
571 867
172 391
451 977
70 269
44 514
764 857
907 992
78 434
341 417
170 880
402 526
98 695
142 278
85 938
618 735
375 979
243 333
46 496
118 170
247 481
379 506
681 690
238 741
802 985
558 863
498 499
522 777
43 750
681 860
309 827
91 827
264 687
39 772
20 565
100 881
727 910
441 708
442 631
821 872
372 782
3 44
316 435
622 733
135 580
107 489
679 859
221 720
40 721
13 498
341 602
98 128
697 831
127 619
356 826
251 513
10 438
859 961
137 426
260 567
17 646
275 901
819 905
311 358
767 850
309 711
392 448
94 281
65 267
382 785
81 524
71 751
174 762
245 403
77 580
317 352
299 584
512 678
156 483
256 303
66 669
347 936
664 689
611 711
753 910
148 653
596 652
430 877
531 565
341 821
235 755
361 917
64 673
734 907
119 366
121 799
25 231
93 577
298 820
155 609
932 947
506 869
288 392
143 610
850 955
207 800
322 954
63 975
895 972
281 831
497 529
352 747
770 809
308 543
299 769
602 876
110 128
385 909
44 938
314 372
319 899
393 419
722 758
378 706
501 847
755 810
659 661
605 650
25 280
396 670
518 917
132 308
165 913
294 891
196 642
184 499
239 467
229 804
315 910
213 678
89 784
419 569
708 962
489 562
48 184
550 671
233 297
122 946
91 596
509 548
326 535
730 773
384 385
132 779
529 953
91 800
808 952
393 604
552 687
222 923
313 327
253 618
817 862
118 648
190 212
78 592
413 760
6 297
122 175
152 589
917 962
525 689
100 534
39 459
774 895
397 812
71 554
187 432
157 660
53 105
173 642
607 817
106 363
404 530
795 914
236 432
366 776
610 932
506 652
482 578
553 971
316 913
68 774
401 475
173 191
780 881
189 448
163 693
467 655
63 894
760 955
11 362
4 636
336 867
433 905
179 321
754 950
620 623
812 834
718 877
343 475
84 496
845 852
685 880
259 802
534 653
308 802
522 819
570 896
351 771
305 886
452 826
52 702
227 256
38 270
589 647
59 289
243 259
208 840
107 531
113 981
448 672
305 605
16 964
550 794
403 676
131 188
420 581
539 608
182 765
812 888
152 207
552 640
772 798
82 358
228 540
104 300
666 863
755 953
233 755
449 930
616 1000
298 978
268 931
582 603
629 888
429 970
433 809
460 521
831 940
347 357
193 691
158 371
713 731
37 867
816 886
183 538
755 803
809 848
522 888
262 331
8 402
395 769
540 551
214 293
486 815
342 791
446 725
630 839
59 979
867 902
235 477
839 955
207 221
164 705
339 901
831 960
24 994
468 701
73 960
401 933
489 720
759 835
377 539
208 793
373 561
577 881
268 1000
325 340
127 580
46 511
106 254
521 699
19 964
398 762
792 847
791 958
121 745
502 696
204 529
677 892
203 593
627 995
205 308
785 809
68 966
217 587
245 665
90 633
60 971
34 396
326 427
472 609
475 834
360 989
910 966
420 554
722 738
466 473
20 430
238 941
571 820
1 262
315 686
58 388
878 897
163 735
676 677
670 984
515 808
199 357
101 218
548 970
119 832
438 887
91 576
83 725
79 742
255 696
425 509
534 695
302 394
99 217
530 712
804 915
150 553
478 657
449 753
411 855
23 599
64 101
569 669
80 835
67 968
117 215
368 888
107 573
291 653
23 900
451 659
68 419
141 493
11 458
268 468
342 478
227 633
717 901
70 87
62 270
738 920
78 252
464 861
701 924
56 611
458 547
547 912
289 691
706 995
77 664
322 853
133 867
7 160
80 234
397 642
51 254
26 532
210 612
218 599
188 662
392 872
447 675
118 978
667 888
200 320
482 539
197 915
775 949
527 535
315 474
788 837
301 684
128 811
894 942
87 976
547 796
403 772
192 359
381 510
8 444
7 830
110 532
357 402
794 836
516 650
55 252
495 767
361 550
336 828
505 608
568 875
271 741
312 610
37 793
717 805
315 358
113 471
67 586
175 338
207 433
450 464
160 900
435 751
247 688
460 918
743 895
764 783
227 251
312 324
362 978
760 800
116 245
694 921
268 877
77 78
338 870
234 480
438 690
111 509
498 876
6 948
12 646
842 962
459 709
761 893
260 439
73 134
112 432
70 661
649 652
267 812
168 949
270 893
123 332
815 930
535 735
735 928
189 347
6 667
621 875
677 934
694 805
208 685
150 657
454 522
144 521
311 730
57 623
147 746
332 749
478 931
358 428
379 447
514 566
515 966
546 661
647 991
61 941
603 787
44 305
451 802
129 522
537 942
182 780
68 727
152 222
414 937
527 789
544 660
221 627
366 443
842 997
198 476
430 798
86 91
532 886
454 877
19 323
256 661
95 766
413 442
3 621
726 948
309 953
323 489
179 740
169 967
167 631
256 996
462 722
478 869
220 923
1 523
444 472
831 839
863 934
177 608
843 974
725 904
599 674
386 614
332 988
304 622
767 811
223 697
195 606
154 593
559 788
225 543
28 706
74 447
261 786
23 40
251 358
608 953
397 650
95 500
328 724
115 630
647 779
372 962
129 276
171 833
114 838
274 844
1 708
165 519
408 584
224 981
32 259
902 979
373 911
918 948
130 534
104 889
394 930
109 651
22 276
645 948
328 574
282 689
313 384
739 939
417 795
53 613
56 217
148 498
4 639
725 808
378 497
89 856
6 354
37 801
340 743
344 747
82 176
156 828
504 897
98 493
531 745
282 573
157 266
41 532
232 676
286 721
451 455
580 910
467 746
271 667
443 638
146 871
802 914
161 618
578 744
532 859
363 492
69 984
241 444
514 724
14 670
123 374
229 445
648 797
13 126
103 249
465 784
551 746
138 734
740 766
76 81
830 889
22 345
499 725
330 979
59 967
531 964
270 649
105 121
234 576
782 838
148 601
209 710
112 494
155 353
87 151
126 339
189 894
129 530
652 795
531 644
158 578
181 899
251 782
341 905
530 747
202 952
372 765
110 527
169 955
142 145
55 868
58 472
91 325
499 745
221 669
608 926
427 560
381 675
569 772
545 829
283 591
286 960
101 302
204 968
202 632
44 231
200 985
171 971
461 535
287 739
664 822
248 551
76 436
77 393
216 482
315 489
688 956
326 730
87 991
190 693
289 590
18 101
62 339
375 730
779 968
580 698
177 970
136 336
364 654
39 154
111 470
141 276
260 400
71 414
519 890
9 696
488 888
816 827
16 925
273 602
518 681
248 736
249 384
319 377
726 874
52 547
37 357
142 670
12 491
158 783
662 841
548 788
421 800
723 984
278 699
23 82
254 769
251 400
124 556
282 881
618 807
14 473
49 937
431 811
143 928
55 486
404 478
885 972
111 204
183 533
357 806
368 536
815 979
42 755
56 579
371 617
260 789
257 530
152 217
316 958
116 765
556 769
173 270
483 551
322 821
727 982
122 725
424 909
406 630
603 632
679 965
385 912
295 823
87 124
33 899
677 799
220 583
207 517
360 459
641 726
239 921
155 496
63 71
98 535
213 380
630 684
488 506
965 996
174 213
332 648
335 729
408 981
594 742
896 926
164 681
280 483
917 945
44 170
146 913
156 720
4 735
3 500
381 983
398 888
485 752
186 683
259 280
349 403
134 662
161 340
964 978
1 368
519 693
509 886
395 799
91 968
34 973
38 990
642 978
114 668
273 274
463 660
835 837
586 665
59 388
476 582
680 902
394 590
970 977
352 819
540 916
51 427
520 956
472 735
244 561
730 825
38 704
709 942
779 825
408 715
681 885
380 459
894 979
148 158
440 844
88 763
243 829
569 644
362 1000
18 293
794 873
347 941
479 657
896 961
434 695
868 904
53 744
500 710
600 640
557 836
479 827
937 1000
304 652
292 831
50 723
370 811
111 832
96 642
212 520
53 327
257 537
547 853
473 712
101 679
306 537
279 479
784 950
254 592
255 992
206 405
494 765
670 994
309 416
158 189
68 375
446 858
622 812
693 728
106 920
61 793
140 696
16 176
111 682
643 831
455 768
700 957
627 739
45 981
345 829
1 777
504 912
502 576
689 915
138 564
591 797
591 831
21 894
542 967
731 987
544 682
88 832
257 722
507 817
30 471
850 980
732 766
691 931
104 502
327 775
41 96
518 573
190 469
102 336
17 119
280 757
236 553
699 742
54 154
154 561
54 940
419 880
576 627
407 771
911 973
147 667
338 811
409 617
139 672
577 864
405 749
13 476
112 373
227 493
431 703
273 412
536 906
238 739
26 678
142 446
803 906
375 526
1 812
415 747
649 729
260 715
1 846
779 798
173 783
20 398
494 519
393 498
33 286
682 747
211 707
523 698
383 856
683 704
598 631
772 904
223 229
616 902
2 795
227 377
401 650
91 340
23 814
451 573
425 928
168 740
372 950
54 674
274 832
419 648
102 274
705 816
692 915
80 599
165 672
71 715
269 619
444 815
330 728
713 968
311 521
642 719
243 686
43 768
326 745
15 512
436 854
151 575
581 801
140 533
228 797
472 476
27 191
209 794
471 854
505 808
86 168
172 963
304 679
317 855
16 319
201 322
435 815
393 567
32 432
534 843
298 818
10 825
445 792
114 594
760 830
2 830
32 602
246 619
220 864
247 267
577 817
149 327
623 867
93 124
17 577
96 480
141 476
500 752
389 924
224 247
247 568
238 828
509 696
306 409
95 106
241 597
332 478
388 537
112 142
120 928
420 776
232 713
666 888
598 720
956 963
337 405
601 801
93 760
130 795
302 732
55 351
16 839
512 915
12 861
109 422
844 858
684 886
472 715
39 573
528 884
584 610
260 688
693 940
606 898
193 886
61 384
121 735
450 597
103 286
681 996
80 101
510 948
619 623
318 873
589 707
720 809
327 817
214 653
301 517
360 945
778 897
157 692
303 984
304 632
438 959
205 735
190 545
78 891
869 943
313 830
315 642
178 881
277 888
163 691
91 983
50 349
162 899
781 802
280 348
438 673
165 980
271 608
303 703
737 912
58 645
633 999
693 839
148 658
111 793
224 336
182 743
58 194
291 895
102 432
461 708
436 711
176 429
245 389
176 463
396 621
351 769
665 918
296 489
27 703
67 924
45 641
275 606
420 899
826 983
241 890
94 772
110 754
434 880
460 669
376 996
621 708
333 715
449 593
403 708
685 898
756 848
116 263
267 529
336 764
210 568
171 747
332 786
431 683
175 895
524 887
868 973
449 477
92 524
278 285
83 784
283 702
272 626
164 368
178 179
77 635
64 126
109 730
755 966
440 928
315 765
53 527
11 934
350 941
638 968
393 910
496 646
240 381
51 395
270 829
29 754
486 527
660 800
37 885
72 448
421 440
241 474
727 738
577 709
204 643
265 752
633 802
375 856
49 708
223 981
658 804
508 639
453 870
729 754
528 625
201 719
331 788
633 972
333 469
365 564
438 947
95 653
168 250
7 520
84 467
244 583
267 933
42 696
588 669
443 887
193 928
464 906
262 267
580 674
179 627
467 544
310 619
584 822
385 552
617 984
113 161
56 821
244 918
202 361
589 618
793 938
90 597
228 792
117 964
562 594
107 502
925 997
33 670
650 892
36 109
222 512
456 494
213 738
889 911
646 880
656 687
501 655
269 464
86 784
807 953
13 676
621 681
130 401
148 816
309 855
21 862
213 287
570 882
285 637
85 719
520 542
764 808
450 693
723 960
883 966
654 759
838 839
66 682
255 524
386 516
44 897
464 640
495 977
827 933
556 609
471 903
70 856
291 937
18 801
134 569
439 944
207 643
100 963
53 500
240 839
318 819
414 457
359 798
45 683
924 999
478 956
639 720
262 637
663 828
153 490
86 688
568 935
37 101
325 461
520 897
677 678
70 85
37 237
492 806
106 472
422 957
450 558
578 946
252 832
756 890
242 370
219 806
145 188
176 525
217 504
565 573
145 974
724 787
254 814
14 387
56 944
231 629
20 216
19 935
368 450
446 464
299 346
631 944
328 394
502 667
235 837
101 620
262 992
445 706
695 801
310 592
91 978
84 775
141 225
273 905
137 242
573 753
14 271
304 312
244 270
292 622
679 879
203 899
553 649
625 965
393 986
82 753
385 860
398 748
514 626
730 835
792 867
281 462
125 127
357 905
253 515
170 765
302 481
489 930
53 419
116 864
522 982
337 358
164 595
60 205
429 948
647 804
279 775
463 889
876 901
119 182
248 603
23 366
26 735
196 273
525 887
326 617
298 636
215 611
494 576
146 507
138 690
624 954
3 749
83 410
113 203
31 211
753 780
276 434
293 305
210 699
211 347
241 284
123 180
876 921
102 331
476 797
824 900
507 526
469 738
75 784
17 114
464 832
526 864
392 537
278 450
84 694
282 598
158 704
275 505
690 874
121 218
137 331
55 994
472 533
10 377
332 801
572 940
16 827
574 655
663 855
79 651
909 967
210 753
407 611
310 395
383 647
56 466
742 923
514 749
669 705
584 632
316 879
245 308
432 647
304 736
117 706
75 838
14 74
70 277
477 774
160 400
592 928
164 548
314 747
545 635
11 949
272 976
495 738
581 878
35 297
180 831
712 980
338 991
639 762
63 409
499 920
181 623
9 31
363 367
442 925
538 597
246 880
546 728
143 1000
114 986
542 745
649 739
149 685
323 958
161 207
567 781
548 574
153 833
581 592
527 691
402 418
69 573
406 566
401 660
769 859
236 918
740 976
396 924
568 861
437 903
818 990
154 305
162 436
203 305
741 904
570 712
449 561
668 995
746 975
158 623
189 483
727 938
52 688
241 708
328 606
348 558
118 703
384 809
797 991
296 647
663 774
520 838
204 222
720 900
91 535
545 874
208 370
40 914
717 845
228 356
185 840
287 784
235 729
13 70
33 200
4 186
726 899
597 609
41 496
329 890
760 840
14 983
265 836
708 785
15 86
106 132
764 988
523 913
121 356
508 723
554 642
312 534
283 520
40 764
470 969
253 892
176 806
774 965
448 707
219 500
792 793
3 456
221 312
926 976
280 740
256 666
509 842
677 974
235 948
148 264
437 657
431 521
461 935
330 977
99 434
488 647
161 466
548 833
474 857
173 431
73 810
90 681
215 367
438 915
713 766
172 843
774 985
213 822
110 190
463 951
399 617
407 604
693 950
533 978
88 583
62 283
304 758
123 392
181 897
93 489
110 360
179 595
180 518
39 753
194 819
69 512
124 315
156 410
677 994
275 547
55 866
157 367
90 565
402 556
55 245
76 133
134 148
281 743
17 491
867 937
438 799
126 842
418 674
717 764
261 306
414 691
750 926
766 908
366 784
501 759
281 423
111 919
370 932
503 605
23 647
594 651
200 668
636 723
205 629
553 698
524 959
341 637
411 520
771 829
168 287
169 687
213 925
435 764
206 832
362 821
149 761
17 225
311 558
390 972
47 953
42 248
71 296
133 163
206 546
659 928
209 627
226 532
745 924
87 102
124 724
725 998
164 945
108 598
481 698
253 414
398 948
100 781
369 934
632 930
576 583
456 832
805 824
364 556
535 913
662 893
558 613
818 882
304 396
233 899
435 498
311 913
23 265
856 950
583 704
440 603
182 657
30 782
225 317
673 683
3 483
91 781
784 825
302 429
177 887
915 927
383 812
354 798
256 824
948 979
907 966
658 794
797 883
190 945
247 285
851 928
380 723
238 545
376 740
253 769
109 910
839 963
558 667
152 570
385 794
774 842
511 846
160 701
533 801
274 822
82 100
485 580
566 819
376 910
721 885
304 615
750 933
579 851
232 430
203 416
108 536
254 351
627 784
11 629
440 788
199 713
288 913
689 994
571 890
517 879
25 951
378 892
104 998
59 871
18 237
106 679
612 895
377 547
438 656
499 765
142 301
19 807
421 921
733 912
636 696
410 845
138 357
468 729
371 403
933 966
156 772
261 464
436 660
620 740
923 957
649 788
251 822
344 405
98 602
587 913
331 682
60 193
449 896
105 831
240 916
51 930
237 856
555 988
27 201
125 450
272 390
137 415
342 383
27 987
402 768
693 876
461 575
12 933
425 502
349 955
177 840
85 564
197 315
106 583
176 466
4 351
426 561
375 940
191 205
105 851
562 624
349 640
347 993
443 631
175 878
176 801
467 875
19 910
394 657
62 93
168 950
209 819
256 627
444 724
258 308
718 927
621 711
473 560
174 669
289 514
80 678
6 702
413 544
948 952
759 966
35 95
141 166
387 933
842 847
75 321
564 941
240 985
611 783
392 996
127 711
72 397
30 804
177 744
480 851
9 921
195 572
469 775
153 801
357 846
473 614
857 921
160 388
349 408
193 406
435 991
739 856
90 560
150 746
54 487
212 267
818 924
30 654
683 988
291 715
606 753
652 672
142 444
32 225
374 910
270 997
849 954
178 721
303 373
477 646
235 847
564 709
49 575
673 861
281 588
502 813
358 954
255 322
199 905
154 778
155 701
332 688
235 362
177 478
777 829
284 671
816 820
432 534
636 854
278 357
427 908
378 764
134 532
339 500
943 965
24 593
575 949
198 866
658 686
993 998
37 486
756 974
176 604
466 755
120 367
422 551
282 709
544 769
7 237
843 893
72 185
160 627
505 636
379 406
103 666
868 929
35 354
380 950
149 606
614 987
271 968
158 626
392 498
576 578
347 646
236 674
40 451
341 987
127 349
743 923
545 576
887 981
676 678
443 454
475 549
875 982
14 350
448 525
453 942
385 740
411 419
282 894
195 375
341 667
8 70
167 905
305 594
20 970
286 421
202 748
194 622
164 994
307 440
313 890
152 230
281 541
507 672
258 500
548 651
191 698
15 613
104 978
148 252
576 763
655 844
466 858
316 554
188 643
115 700
448 579
107 574
216 278
520 895
3 328
405 885
62 756
194 472
516 951
606 896
99 136
58 943
490 507
22 836
177 936
295 385
228 583
597 666
340 512
634 845
333 440
109 925
946 972
351 412
27 312
330 529
590 942
408 543
65 236
65 270
635 959
241 499
195 614
139 377
121 132
393 654
250 553
262 408
137 866
405 653
261 794
614 625
523 888
671 751
444 500
263 645
232 295
22 604
23 383
140 184
816 978
47 771
664 993
294 641
120 845
467 535
182 911
654 696
264 759
51 775
384 654
30 415
99 375
503 778
785 832
794 886
219 291
453 915
19 85
66 692
537 753
254 920
684 803
38 567
196 892
338 415
876 904
131 150
61 301
367 489
351 651
12 492
563 848
233 751
108 921
437 817
55 977
122 124
28 167
215 328
131 655
676 870
32 792
129 353
277 504
6 382
151 164
493 679
261 378
90 841
210 736
823 941
151 950
339 392
543 602
43 692
362 747
92 692
549 942
780 830
22 188
723 869
29 417
646 673
69 672
349 539
71 353
158 251
217 679
749 828
411 427
228 891
541 805
570 641
158 421
342 501
402 852
229 337
404 533
90 895
187 566
461 659
681 817
779 791
37 262
742 926
107 145
897 992
395 649
331 451
588 783
833 972
518 921
274 524
236 736
18 259
703 793
392 725
168 699
555 956
378 458
572 861
421 909
169 478
356 817
213 716
3 991
720 868
419 607
910 942
62 177
69 241
456 608
624 740
266 864
617 647
343 478
54 837
51 578
383 699
42 694
560 576
734 849
173 830
321 693
24 559
497 956
265 765
485 957
284 351
290 801
14 296
516 673
244 295
593 764
18 444
354 370
469 524
142 343
97 968
302 991
14 631
334 719
92 611
296 965
595 780
497 806
141 755
645 813
38 875
501 954
357 930
11 65
34 897
552 779
536 653
111 532
109 196
183 206
753 785
282 855
602 833
110 774
708 938
72 986
500 745
175 245
418 753
782 969
221 916
105 383
620 661
90 193
125 657
250 309
255 726
130 419
43 44
621 898
262 334
648 943
198 901
208 708
338 777
409 583
669 962
271 532
326 943
533 592
175 881
37 720
430 772
309 621
159 317
206 746
26 193
334 958
694 882
609 809
581 718
89 625
266 502
623 764
40 651
671 697
422 635
41 718
138 313
312 586
765 968
175 935
664 803
909 992
251 613
295 851
225 347
787 944
237 516
634 690
290 638
208 646
821 851
683 690
609 824
65 566
172 560
842 904
102 711
142 932
344 531
414 524
308 458
725 762
159 216
333 489
326 396
94 95
554 714
728 987
913 990
124 653
331 978
561 943
329 642
403 652
390 751
4 142
160 275
194 706
24 581
353 443
419 935
259 963
287 289
173 202
400 762
129 784
405 668
48 715
268 873
21 382
614 640
683 875
523 903
206 529
298 333
313 557
52 242
733 942
417 968
244 453
65 921
452 667
893 940
289 606
316 973
759 922
219 757
289 640
699 885
135 463
206 379
344 435
297 902
704 778
834 847
818 899
537 603
347 969
102 159
254 314
959 978
307 428
232 529
239 902
243 775
244 808
719 852
703 739
793 862
147 626
60 107
55 201
319 597
569 692
957 982
335 744
924 985
24 820
84 241
341 573
24 199
615 776
186 329
373 668
386 556
374 735
778 863
565 879
232 413
465 637
535 630
640 943
526 746
497 732
238 863
509 697
87 945
358 779
275 387
263 278
320 370
131 384
879 886
94 553
470 844
874 972
117 908
168 694
56 178
58 611
193 586
725 735
536 749
720 829
339 912
499 918
17 632
488 842
442 957
302 937
300 601
119 303
477 656
403 790
722 845
126 532
642 843
371 721
262 396
650 686
133 871
147 695
3 836
744 957
84 931
544 895
485 501
327 818
40 106
491 951
688 775
134 998
492 696
250 910
693 859
37 161
713 811
812 818
563 646
486 560
122 378
181 806
102 418
315 512
114 383
77 552
649 922
87 393
22 927
568 578
543 856
51 142
112 251
309 397
225 724
500 575
387 411
335 833
533 737
290 981
275 791
650 905
350 436
298 491
511 952
240 463
628 787
504 893
766 953
554 926
738 896
361 923
96 774
181 991
481 839
600 976
101 680
498 744
316 345
272 893
43 961
477 895
384 827
198 445
159 278
59 492
622 978
480 800
697 911
277 657
901 977
370 861
556 622
170 655
562 962
460 840
322 810
108 827
551 776
52 755
425 855
259 404
375 958
704 854
163 931
174 386
177 577
277 507
221 815
504 792
938 967
566 824
140 746
67 528
98 223
671 993
154 426
298 560
214 777
119 242
371 524
678 758
79 807
234 873
466 553
322 694
83 955
35 734
269 716
78 428
399 916
99 447
307 674
507 867
77 806
623 779
111 616
197 756
40 831
226 626
318 430
353 894
278 995
425 458
596 781
315 485
56 506
53 247
42 682
742 963
380 462
69 394
197 305
362 804
174 741
502 680
317 986
19 531
121 142
197 475
69 564
394 443
682 947
113 933
69 729
1 527
158 929
130 838
59 411
45 144
233 993
433 911
667 783
19 211
852 896
24 261
258 885
452 497
586 824
85 370
746 830
461 551
689 869
873 949
746 995
293 584
322 632
48 560
153 873
154 631
858 929
164 472
315 704
84 803
463 567
336 723
239 397
174 305
263 505
650 762
129 178
91 390
252 429
177 530
296 667
272 415
154 345
532 828
433 965
460 643
306 977
881 964
187 507
280 711
33 220
24 480
244 638
362 873
18 166
205 982
132 287
211 811
401 720
806 915
44 146
512 896
54 744
586 927
849 910
391 771
48 464
161 937
366 905
279 386
239 917
521 971
627 932
153 156
297 801
486 821
244 823
72 87
230 412
420 942
297 971
186 344
74 724
619 939
534 578
35 591
150 436
91 794
372 584
38 816
43 756
42 820
119 434
13 950
605 698
491 611
116 209
177 318
275 567
35 140
543 967
426 655
303 684
209 578
662 960
318 908
240 273
360 810
348 667
419 617
182 559
110 851
652 697
758 768
93 325
7 528
400 580
693 990
509 766
77 547
79 228
351 750
93 529
567 925
20 586
136 354
168 593
200 688
316 456
15 64
363 885
164 615
8 613
52 851
667 771
263 813
677 748
2 498
33 193
297 589
341 827
89 396
10 663
284 866
311 544
631 999
706 932
110 449
85 727
165 899
408 930
613 898
442 706
280 398
703 877
116 414
418 598
589 811
261 982
72 996
258 927
526 714
216 404
374 839
37 225
530 553
505 831
485 701
244 626
844 977
244 660
14 40
506 720
149 767
80 676
380 524
106 630
198 911
412 928
498 759
629 751
85 126
441 798
344 472
572 790
33 548
476 531
611 616
105 898
369 673
23 285
515 965
228 253
173 594
242 829
234 703
418 783
563 565
668 912
763 792
620 691
192 966
124 764
869 897
308 734
181 269
196 493
642 811
230 269
75 955
747 980
79 351
377 518
3 804
254 657
494 796
395 933
439 516
531 975
260 376
56 918
474 870
344 657
753 869
589 880
20 224
187 433
367 391
181 774
199 568
85 515
247 645
346 542
521 848
391 813
894 948
767 960
621 812
449 697
188 382
124 949
255 320
268 863
285 734
587 918
27 788
74 465
204 809
159 847
160 605
655 923
672 794
154 946
704 889
29 639
310 314
257 336
217 867
962 1000
65 882
4 807
465 694
90 292
10 636
546 933
72 634
461 881
238 469
425 808
194 265
110 592
295 595
252 424
227 427
630 907
329 371
558 722
262 603
101 362
196 868
322 477
427 790
178 618
196 247
9 872
181 809
815 936
772 799
248 781
494 618
32 462
466 637
41 516
340 441
97 685
216 712
478 806
908 998
544 816
262 618
109 233
207 959
155 904
786 950
309 604
97 268
127 682
717 846
443 787
688 866
493 820
468 823
191 560
452 697
270 298
169 754
34 779
284 908
404 790
14 853
50 310
551 764
491 722
180 654
826 890
637 904
899 964
585 849
929 935
386 401
468 537
156 546
23 142
271 700
774 835
447 654
231 610
589 853
786 970
408 521
85 454
557 894
358 624
224 297
298 582
269 568
4 896
529 981
106 507
405 432
861 924
841 964
295 383
94 529
452 916
202 315
736 787
432 956
20 702
551 949
277 413
437 862
19 179
182 554
267 737
57 868
242 871
358 639
342 526
419 748
365 737
582 979
758 933
829 849
437 576
140 332
42 835
27 645
112 828
127 300
151 544
62 488
207 747
484 554
683 858
258 737
226 498
391 520
720 859
403 485
434 822
303 864
334 559
203 279
50 680
400 430
440 651
263 808
620 787
136 204
357 935
275 466
338 733
1 399
388 656
88 153
703 838
348 566
895 939
806 883
550 618
211 294
263 658
537 751
471 707
540 942
349 803
379 596
563 676
192 291
580 581
307 445
443 930
197 362
255 867
245 405
502 737
279 490
217 492
932 963
8 512
679 779
585 822
138 235
733 829
605 918
15 885
107 710
281 983
320 838
542 677
115 875
301 636
689 926
443 945
128 142
201 394
163 606
407 762
349 367
71 972
473 908
892 927
119 703
401 757
353 685
769 956
364 892
135 685
120 495
321 336
247 470
509 530
389 928
273 539
215 545
592 759
96 722
685 997
605 686
257 617
128 982
503 729
138 794
298 910
349 586
643 775
614 761
81 348
224 960
583 759
120 680
33 161
196 979
518 638
845 853
271 291
70 162
16 426
648 872
205 268
467 540
167 514
509 919
427 450
80 139
56 65
68 960
299 573
155 714
340 552
187 953
505 595
336 849
88 325
606 650
147 863
236 953
348 704
238 634
409 813
125 470
365 609
251 522
554 739
700 921
258 895
741 900
241 369
591 596
476 785
13 706
92 609
564 606
542 965
82 490
56 80
475 542
246 610
420 883
202 406
720 731
223 294
263 515
137 285
614 665
252 439
209 635
340 737
361 625
376 849
146 229
549 709
692 844
77 303
828 852
62 865
393 408
583 794
66 227
11 568
207 503
501 836
145 751
13 105
451 939
115 392
148 245
103 393
80 829
218 573
90 662
537 628
394 527
435 506
207 222
221 798
337 566
226 560
397 883
303 926
344 795
349 845
603 808
57 979
865 868
94 980
193 877
176 351
335 434
210 892
451 954
324 358
385 467
386 867
255 909
301 794
124 296
386 901
86 398
821 834
2 725
617 933
446 741
133 861
318 864
133 206
32 662
413 749
194 349
716 966
140 613
266 665
382 543
159 199
62 769
644 671
77 993
705 780
455 821
250 997
32 997
98 391
263 303
524 639
715 783
33 469
588 939
471 483
82 579
66 631
220 944
200 814
360 820
680 908
218 642
119 745
721 777
279 751
912 921
499 909
241 342
742 830
502 513
516 979
607 860
473 533
247 682
125 744
76 600
122 519
323 360
21 210
857 976
303 578
608 809
117 162
149 257
508 677
10 959
611 688
611 722
618 786
501 639
692 817
279 805
276 546
652 727
140 197
68 667
498 550
108 613
41 334
371 596
763 903
301 747
820 995
86 317
462 511
116 123
473 718
92 801
35 54
182 924
83 440
398 478
255 377
141 290
847 877
288 539
349 648
262 640
204 245
492 605
149 476
140 702
40 151
296 835
354 575
816 875
13 714
58 123
566 950
518 729
368 569
221 451
424 738
759 940
776 845
300 865
13 263
72 691
99 403
576 783
363 799
363 833
704 830
241 916
913 941
25 597
463 789
460 530
247 436
389 923
360 909
73 197
243 453
627 765
80 536
538 709
369 853
472 864
87 288
58 308
649 885
841 986
334 978
140 470
28 816
814 928
142 937
226 432
437 850
349 717
913 995
209 731
228 283
10 592
656 828
246 255
391 789
381 982
180 376
377 999
50 818
638 693
425 599
813 889
327 481
82 436
400 733
212 780
623 639
226 316
163 806
103 489
153 378
396 886
480 593
223 405
444 486
582 681
302 785
401 792
917 993
485 499
41 137
55 438
791 797
72 343
220 481
137 600
223 706
610 963
180 425
596 806
181 183
196 407
705 992
722 863
609 699
47 170
290 678
307 549
261 664
249 521
136 357
148 977
6 799
255 350
875 941
481 987
199 933
302 669
257 817
789 966
530 987
39 340
199 482
221 909
2 501
346 587
951 988
665 786
135 318
497 853
124 897
37 378
76 676
86 344
51 810
862 958
302 553
463 592
427 650
286 885
55 342
456 520
471 744
721 839
147 932
350 454
449 461
649 688
264 479
522 734
96 656
553 906
110 957
485 704
485 738
340 956
100 804
128 130
196 442
134 580
219 797
31 734
379 803
235 944
624 992
162 215
457 948
528 589
817 982
415 425
203 841
402 668
810 923
289 981
448 587
361 655
718 812
256 546
693 946
346 525
649 742
364 463
56 620
443 987
772 849
330 823
42 961
102 704
233 806
149 368
226 459
643 763
394 591
266 680
98 857
227 526
529 841
86 127
41 280
197 269
400 556
812 954
816 971
328 405
218 977
42 93
730 996
259 301
46 207
591 899
117 123
497 942
576 709
698 927
534 938
41 615
402 572
357 445
630 890
615 700
228 810
255 488
635 652
246 748
263 619
146 197
508 842
168 904
156 795
78 160
372 493
9 234
261 487
150 515
63 748
78 330
154 629
198 867
6 35
413 532
384 628
686 812
401 533
502 863
77 742
109 837
364 833
683 888
668 698
51 953
268 299
8 672
133 324
269 332
741 772
195 356
573 949
590 854
433 963
262 771
18 649
163 431
353 961
181 846
813 815
453 603
373 947
260 783
530 694
196 449
113 699
304 843
127 345
47 212
346 779
552 780
197 508
84 200
201 690
113 248
402 641
211 974
3 930
348 630
159 919
462 861
625 914
6 390
409 870
89 926
267 836
80 531
167 285
36 327
28 476
1 143
592 720
950 963
57 346
351 679
107 269
63 65
84 705
39 853
67 179
447 521
31 892
494 806
74 552
839 925
26 514
493 571
48 176
657 691
403 584
693 934
762 894
664 920
452 584
151 357
440 784
500 970
714 987
861 927
232 596
247 820
55 98
347 750
519 687
236 744
437 695
24 683
711 788
19 667
279 569
167 674
802 834
74 606
118 189
508 815
180 876
127 754
411 654
428 669
72 474
13 832
813 904
437 579
469 983
563 945
765 853
104 427
537 569
63 270
195 950
489 492
211 277
859 980
186 445
247 554
461 571
46 700
517 774
321 551
21 82
281 461
599 902
42 756
520 548
134 691
249 536
158 799
148 992
879 968
145 290
64 221
457 928
817 962
29 548
462 800
54 579
130 878
349 670
619 856
594 859
362 558
60 408
467 905
265 376
438 891
753 929
411 558
481 551
458 987
269 524
181 868
12 357
574 920
18 186
35 91
57 489
80 839
341 389
54 429
874 938
321 906
48 770
921 924
111 560
423 551
68 423
724 943
325 433
511 849
444 570
81 311
602 895
43 523
340 801
561 882
176 196
246 975
424 610
310 413
350 634
37 277
441 515
328 351
168 379
36 485
100 853
216 621
214 285
489 901
401 459
119 405
524 600
145 980
18 992
491 713
612 898
956 984
707 922
64 290
238 563
239 486
113 256
301 353
573 875
246 694
774 860
329 465
72 277
191 304
102 214
18 541
623 942
219 526
65 860
657 718
7 499
420 511
254 369
127 892
706 849
477 642
232 584
224 623
662 980
35 296
49 120
741 752
164 751
847 988
356 852
338 403
528 789
159 394
333 667
288 815
426 981
264 563
163 542
46 86
783 955
631 970
514 836
341 963
629 668
160 453
708 749
411 982
222 996
50 404
266 579
317 514
241 857
29 521
108 288
223 408
289 934
275 777
777 879
231 573
631 684
720 884
791 800
235 577
380 946
126 252
9 870
221 276
114 253
98 305
173 846
165 720
495 505
355 807
617 867
157 282
825 945
252 306
715 862
703 863
406 619
109 852
318 963
896 997
215 331
540 836
511 822
725 839
211 319
483 841
463 915
477 561
191 524
206 892
457 635
126 437
293 646
271 363
310 551
281 537
100 171
360 584
609 790
793 870
755 972
288 433
478 819
584 924
814 889
96 358
553 608
598 879
471 616
403 414
126 151
388 866
557 756
407 452
623 915
203 994
78 79
93 303
109 450
139 222
632 825
255 742
471 917
362 770
201 385
389 482
748 758
206 946
241 645
625 643
14 871
353 540
510 942
590 637
327 641
272 982
345 579
220 927
454 765
154 262
872 992
351 408
151 857
790 1000
196 198
305 659
103 130
64 618
11 640
752 790
914 920
473 652
389 502
167 485
57 415
340 392
225 547
417 614
388 600
231 997
531 845
403 934
504 512
433 761
470 906
313 538
88 301
476 591
248 417
566 714
84 318
631 657
104 558
518 527
252 565
354 543
324 881
492 738
175 364
21 43
266 887
110 243
171 386
20 434
918 952
549 1000
60 68
155 574
149 910
82 466
144 532
830 989
96 311
407 992
431 623
438 687
329 357
191 196
187 978
843 882
212 980
149 459
421 981
54 710
8 825
684 833
770 939
141 608
485 694
188 272
799 979
367 485
674 850
238 339
78 367
764 829
903 947
175 719
176 642
504 581
7 896
139 646
324 649
27 882
284 559
557 729
289 976
521 622
651 1000
823 937
196 287
717 871
257 430
95 122
413 419
60 593
919 923
530 697
315 589
163 604
187 712
870 949
131 365
555 733
585 704
322 818
527 786
384 685
314 726
227 317
77 178
811 856
368 907
700 850
354 462
696 867
35 441
130 947
476 714
534 598
206 769
894 907
74 875
91 780
336 492
455 996
437 547
167 492
690 757
776 897
127 402
534 899
634 829
293 858
64 926
334 360
491 762
249 654
255 449
422 658
229 838
750 767
458 901
806 970
480 712
61 871
594 943
681 697
307 983
428 657
497 782
424 674
404 714
747 877
103 322
649 937
707 787
265 795
35 175
141 246
711 825
96 284
11 211
221 727
61 100
413 959
86 778
62 814
591 594
185 819
263 799
33 179
92 607
305 735
828 1000
337 830
6 632
241 571
68 808
183 653
658 697
629 683
483 535
389 578
515 630
167 561
14 176
272 874
539 874
536 649
5 567
295 608
871 995
298 356
245 745
77 267
90 810
750 870
101 375
403 559
407 563
339 395
195 536
281 367
350 602
660 883
287 948
202 909
151 468
79 283
556 773
383 900
252 942
251 254
506 905
41 529
71 943
266 478
431 500
223 307
461 948
77 772
348 640
263 567
354 435
583 676
454 876
58 769
361 808
143 331
514 750
502 607
21 760
145 798
135 991
39 698
659 668
184 336
456 858
540 565
78 409
719 875
188 484
878 958
326 993
455 649
152 576
56 317
557 771
461 478
347 391
360 934
460 589
430 817
188 819
312 752
513 737
950 993
531 675
686 741
706 871
474 570
275 410
544 563
18 864
461 813
206 961
304 922
850 895
637 801
424 817
625 658
69 545
40 531
440 964
703 782
573 747
325 975
68 310
560 880
174 271
318 882
40 696
84 934
414 554
133 258
921 981
611 671
566 709
121 424
241 995
51 431
299 879
166 585
216 508
446 473
649 760
42 712
84 619
599 897
472 909
99 953
223 881
156 327
88 146
77 725
336 738
304 355
365 464
341 500
728 867
441 907
414 574
198 530
129 329
250 899
538 638
12 939
11 704
616 783
104 908
394 949
127 328
809 951
277 946
108 126
63 164
32 613
75 443
71 460
32 749
16 801
61 797
353 794
545 895
169 570
816 873
787 859
460 678
217 301
394 833
549 899
62 269
497 844
269 670
240 656
320 346
369 967
51 670
148 231
53 351
100 945
513 957
384 680
370 413
13 295
118 608
334 961
545 609
303 611
186 189
206 429
92 232
208 275
485 559
401 920
537 818
121 547
182 656
48 329
429 526
400 512
255 730
627 797
427 879
212 593
730 918
385 487
318 685
373 378
190 808
235 969
135 528
338 815
428 938
84 121
183 880
572 818
581 872
90 702
75 512
332 844
179 936
94 850
262 707
90 115
253 933
256 537
84 422
172 898
734 806
70 121
319 327
90 285
220 629
383 826
197 444
256 872
128 995
185 445
57 568
121 936
334 375
143 708
524 795
177 484
441 880
625 850
546 606
382 617
823 890
17 682
65 890
279 941
51 623
77 548
234 950
609 697
261 628
489 946
779 987
148 975
352 564
518 986
200 854
175 857
409 826
353 801
82 789
199 480
125 648
359 486
428 721
19 404
177 839
922 972
266 274
971 972
538 830
155 577
109 692
354 881
273 825
474 666
329 884
88 809
235 272
608 849
493 527
286 883
382 521
654 933
720 914
377 785
99 709
431 830
321 438
375 483
550 789
453 463
511 968
51 527
574 923
649 856
630 649
141 815
417 555
581 675
352 468
519 677
406 513
3 785
31 111
407 913
83 446
11 916
429 868
132 446
41 709
573 858
377 635
316 560
745 829
475 740
623 891
106 966
325 470
514 600
342 485
73 974
263 883
218 921
229 486
237 473
118 480
336 514
136 308
243 813
27 769
646 672
72 765
691 943
277 387
94 707
95 499
190 379
53 728
