1500 7500
386 594
31 1087
420 1135
461 527
161 1431
933 967
422 816
136 1434
63 1216
720 1017
125 1358
654 1138
367 1178
1133 1309
249 356
800 1464
126 1137
674 791
413 476
1093 1253
815 1067
393 1281
14 110
460 905
850 876
290 1435
35 163
798 1332
19 692
394 439
141 1020
25 487
1078 1254
403 1114
905 1491
376 781
409 1454
565 801
749 881
1051 1065
87 697
736 1014
422 1486
744 1145
197 806
256 579
829 1362
643 946
185 807
232 1092
45 310
402 905
214 842
707 1280
1037 1065
47 777
348 1025
103 980
368 1299
798 1182
501 938
534 820
467 541
293 745
916 1417
514 1004
145 266
274 577
931 1020
176 1389
191 206
210 1309
599 1247
928 1109
488 764
746 1462
412 1217
303 892
850 1265
191 1128
510 1327
754 1006
1013 1352
1099 1458
1016 1066
378 1433
625 1193
514 1475
801 1456
1020 1248
392 1283
686 825
490 602
278 1230
633 737
576 1397
893 1116
48 1362
814 1493
81 772
803 1307
1204 1498
201 1309
1376 1435
963 1457
529 627
35 1023
780 1156
935 1222
319 758
78 683
52 273
972 1498
790 1099
1247 1349
456 1331
644 1428
326 1296
260 1417
4 877
1222 1483
502 629
1019 1196
289 1287
822 1359
508 1079
779 913
1186 1410
915 921
225 481
267 1038
410 484
498 1403
744 763
876 1265
443 1123
227 327
259 422
292 1205
31 890
782 1473
8 1326
668 1386
331 772
27 912
585 1015
114 810
859 943
1177 1350
974 1063
260 515
691 1120
85 1105
450 1045
936 1309
168 234
132 1424
737 1170
656 792
421 444
148 751
35 587
1216 1231
1149 1429
323 326
425 592
803 1075
55 717
588 789
565 1225
106 1328
965 1003
76 736
360 636
523 1454
50 326
422 503
281 1380
184 1164
51 870
613 956
1070 1206
744 948
360 1427
199 290
406 691
199 1076
117 1084
1426 1427
348 1449
72 302
62 770
364 954
954 1498
109 337
410 873
1056 1109
369 716
415 635
1447 1480
543 1298
497 1413
1133 1331
400 576
257 475
647 1101
605 1330
72 637
121 126
913 1309
870 1028
1134 1424
585 749
270 1188
216 304
910 1254
561 1296
231 1165
9 1297
78 1257
668 669
694 1100
830 1108
284 527
802 852
32 96
510 1164
1319 1453
704 912
763 1340
629 1013
864 918
460 1267
1451 1478
129 1069
894 1442
60 1143
710 741
115 181
302 997
76 504
1227 1486
53 940
371 1237
609 1362
22 147
568 1205
1191 1400
431 1077
156 330
407 1480
279 471
446 680
1187 1456
735 1107
155 1363
599 1070
380 670
622 1420
1130 1495
48 748
435 1115
960 1061
24 129
344 584
176 1416
114 729
700 813
890 1343
61 785
589 807
378 504
4 680
375 1099
649 1302
418 759
108 449
1025 1449
843 1050
124 1361
112 1218
374 835
111 839
345 821
37 221
229 1053
87 875
1248 1389
183 513
1210 1491
253 396
344 919
33 995
548 1273
1167 1176
262 961
853 1061
642 758
682 1456
628 968
1011 1318
107 1026
138 721
237 618
730 1056
68 872
210 395
1029 1146
229 1388
385 625
993 1073
202 1055
275 652
520 731
1324 1402
407 423
324 1438
163 301
238 677
773 1085
1059 1109
553 749
395 458
834 1050
228 1035
390 688
648 1420
336 344
526 730
374 884
1066 1482
493 843
515 1165
1034 1413
444 903
642 807
632 1000
197 412
633 745
866 969
200 637
617 941
1140 1206
1331 1350
494 1447
313 1081
1058 1214
134 792
797 899
1233 1410
166 245
221 656
700 717
285 846
631 1268
688 1360
269 1042
103 591
384 887
789 1048
550 688
1052 1065
455 1450
764 1182
62 122
293 1176
969 1184
1259 1500
946 1143
214 788
43 1361
344 857
260 707
916 1227
361 872
287 896
307 1136
148 909
896 1411
224 1242
323 1139
698 886
239 989
741 1201
558 1188
54 365
413 641
145 998
484 557
271 573
147 679
564 873
1363 1494
918 1209
1090 1358
263 1233
353 1356
952 1019
366 492
936 1181
322 1040
181 1275
74 626
537 705
956 1167
51 1062
200 206
359 1041
174 582
977 1220
95 1436
480 880
248 1378
45 1091
882 1471
221 390
1015 1144
716 1363
546 929
188 398
44 539
346 723
633 1469
462 635
59 907
694 957
639 1298
10 933
426 1314
254 722
429 918
144 1294
198 375
1119 1392
654 867
657 1236
928 1070
345 1279
170 318
130 849
188 1354
328 753
861 1302
77 905
27 1003
8 1422
244 459
222 509
103 1446
554 774
716 1213
786 1096
271 962
230 805
467 1177
307 1205
924 1427
236 668
56 702
594 1330
63 174
172 1256
16 646
914 1164
701 1180
508 1360
205 488
132 1200
1143 1376
505 1300
208 891
623 859
699 1192
1083 1190
526 1319
799 1489
512 887
90 813
56 416
589 965
333 734
743 1422
560 1265
569 1183
983 1118
44 1229
183 705
141 148
271 1147
1192 1234
922 1145
218 404
782 1303
1 1092
1216 1478
1121 1449
237 1397
521 1132
206 439
508 1375
972 1212
301 324
358 450
903 1142
337 567
737 1000
878 1242
175 259
72 1034
133 391
936 1304
606 754
1112 1258
264 1135
595 678
250 978
772 1320
165 1272
213 838
611 935
54 789
53 211
97 449
202 762
439 854
604 766
517 1489
441 535
421 1196
385 1118
183 589
851 1388
291 983
77 1275
416 669
146 580
197 405
182 215
180 1286
926 1177
293 1484
21 307
113 766
283 1022
585 1481
428 948
1189 1194
42 981
777 1417
657 1189
38 356
1061 1317
645 1046
809 1035
19 1417
646 1446
129 879
92 1014
681 1289
657 1325
21 1263
385 837
599 1331
75 1313
1476 1489
559 1241
1096 1330
362 1404
533 975
121 611
707 1248
523 1168
250 377
481 1397
482 1320
398 895
270 984
297 1351
121 742
124 181
704 1193
382 913
362 953
507 735
692 1215
1077 1458
720 1340
421 760
791 1256
983 1323
872 1495
24 730
433 759
327 659
787 1278
73 1482
372 964
673 1212
520 827
501 620
472 606
430 1490
782 921
339 351
282 1011
725 960
641 1287
25 810
516 1014
244 1388
401 1135
675 1228
416 1359
396 613
980 1126
1172 1193
76 1421
339 652
824 1158
601 1367
122 1340
602 1290
235 262
516 529
142 815
832 1289
699 995
326 929
56 1495
185 509
578 1182
588 989
43 331
103 517
293 903
116 1060
789 974
289 920
323 1351
9 691
1096 1229
307 892
686 1264
103 1473
891 1431
908 1302
660 888
279 971
779 847
67 1387
104 154
298 667
770 1107
611 1058
417 516
739 791
269 1439
432 740
245 1187
433 1284
1307 1361
581 670
176 1261
116 289
578 1197
1413 1453
365 1137
152 1153
495 1481
559 1029
454 1468
272 1069
188 1396
406 1430
160 1449
87 754
762 1481
361 1434
1014 1291
50 1400
453 473
120 1393
696 981
681 791
1035 1310
1144 1491
556 628
517 807
169 738
1382 1477
1028 1102
231 914
114 458
524 559
136 1055
581 685
457 791
151 1279
827 1287
37 1192
1048 1368
266 469
790 1422
484 503
1022 1102
957 1010
619 1374
475 1240
261 1498
1004 1295
826 1044
106 190
135 681
795 1493
209 712
960 1261
257 278
704 996
728 1104
605 1133
1022 1437
429 558
62 908
411 1377
261 1212
725 1049
407 1394
180 391
283 1500
164 375
1404 1447
323 1100
258 1157
586 1096
167 490
566 1136
27 1400
933 1263
1155 1411
1024 1453
695 970
742 1255
78 570
98 700
1042 1103
511 746
471 1277
934 1500
948 1311
788 1339
322 419
1439 1447
637 1243
486 539
728 1124
123 280
241 1136
745 1029
731 762
1330 1465
559 647
231 852
143 1162
432 1445
1428 1431
753 1181
433 1237
33 1113
410 541
350 832
553 1119
371 720
85 1448
324 1221
1028 1307
38 364
499 796
691 1007
423 1254
135 1371
61 753
508 1471
510 1152
25 1288
134 992
1000 1386
1348 1455
115 1411
181 669
111 1428
712 1060
715 1141
805 1264
129 1091
1218 1276
442 1005
531 1205
967 1061
590 978
147 1029
216 1154
449 592
852 1072
307 414
983 1064
551 1322
681 914
828 1129
216 669
56 697
577 1425
218 1136
42 252
48 1357
216 1489
404 931
103 505
50 1169
1271 1392
625 868
787 1320
354 413
829 1222
988 1305
936 1250
162 1103
1251 1288
274 888
18 1278
333 1316
579 786
366 692
321 1207
929 1178
602 997
1097 1145
209 801
19 1057
814 1202
801 1301
52 433
43 659
412 742
387 745
629 1220
228 1173
247 725
743 796
822 1354
401 1177
1183 1455
653 987
922 1140
868 1404
801 850
1072 1449
345 1144
153 312
739 983
530 1003
84 242
74 545
907 1120
1120 1214
172 684
1402 1404
594 894
226 556
185 1473
139 181
1222 1328
708 1117
937 1083
147 1098
923 926
155 498
871 1479
285 1319
555 753
174 836
270 474
646 655
593 1332
42 976
650 1424
306 1372
307 1405
735 1164
928 1023
138 928
745 1453
930 1456
112 1139
1049 1449
377 1458
387 1265
156 722
1164 1493
190 1153
965 1333
74 730
809 1365
525 844
1269 1329
543 638
34 674
990 1191
317 931
59 1462
845 987
186 685
527 690
778 1185
306 1222
885 1213
1400 1491
866 1006
551 1445
540 583
455 1152
439 1039
827 1329
472 1057
370 458
773 972
100 403
721 1394
306 771
107 1253
203 891
1299 1462
234 586
378 445
725 790
764 1088
175 192
265 315
120 1285
886 1306
1086 1499
352 821
1389 1441
378 610
355 1224
28 388
300 1277
445 548
882 1459
652 873
464 920
307 552
1233 1297
84 1403
58 351
12 466
773 822
1134 1434
456 925
87 1151
601 741
1221 1332
189 1239
75 1042
393 1483
353 607
33 1271
135 607
754 1440
754 785
367 895
138 963
412 414
352 705
135 1393
212 973
685 1336
731 1255
817 1086
71 574
1337 1401
1108 1194
691 1165
461 545
604 680
465 1348
280 724
946 1200
871 1301
99 835
102 439
792 913
46 1499
592 1472
332 438
14 783
530 1461
607 1041
1004 1105
60 702
121 811
17 1008
3 741
17 387
110 1246
515 1407
1221 1352
828 1321
501 1140
701 1168
200 748
951 1297
1206 1293
73 139
583 1302
322 1097
666 1183
350 457
816 1492
369 795
760 1179
142 544
301 627
101 1186
42 1400
748 1345
623 1182
66 1036
237 1215
654 1244
323 1046
576 609
1090 1100
291 330
671 1149
1069 1246
900 1500
39 834
699 894
715 1484
69 1248
316 366
287 352
1007 1350
594 1338
304 1009
407 1054
1018 1250
557 742
242 1456
776 1176
275 832
808 1381
934 956
834 1060
17 1397
825 1286
101 415
796 1272
1080 1172
699 1365
1112 1377
65 232
137 1313
342 626
1222 1486
229 496
82 378
694 1485
186 1444
460 895
750 1211
1082 1154
729 1328
684 1201
1355 1468
657 1177
500 1286
330 375
260 1134
245 1421
75 510
119 748
377 1446
381 1463
465 481
1373 1432
577 1031
10 423
525 701
455 1460
669 1202
496 1439
1174 1293
600 1386
443 1461
268 500
207 425
82 883
600 765
16 1038
838 1228
127 900
718 1000
118 1126
592 770
1067 1469
750 1095
1416 1427
1053 1168
757 1324
733 1360
1478 1493
1147 1295
416 1463
130 674
113 148
204 1436
71 1032
336 709
796 1006
568 1474
7 226
390 466
353 1366
350 997
269 286
513 1194
54 1297
498 1004
128 1328
419 650
92 1221
59 582
1198 1421
651 1082
210 814
480 890
211 1214
1169 1441
110 263
1087 1449
1134 1257
371 565
96 748
814 1313
386 789
72 1261
995 1338
580 1467
310 660
405 650
454 1271
927 1157
803 1263
397 524
610 1260
323 548
182 1058
351 948
806 1488
30 562
595 1240
239 568
813 1274
1039 1256
882 1331
742 1489
240 457
702 1399
260 1373
360 1028
815 942
29 864
206 885
275 1120
397 408
67 133
472 983
1216 1468
775 1200
1208 1342
949 1473
744 850
1310 1430
560 804
1281 1416
287 1111
132 424
650 749
720 776
508 715
983 1414
376 1476
339 859
857 1184
398 1287
11 1030
642 1076
728 907
360 1499
540 844
144 703
1323 1488
126 896
612 1160
199 1148
25 1352
102 932
588 1196
156 702
1137 1250
1078 1464
37 845
406 928
885 989
453 495
771 902
501 1468
455 928
340 918
1076 1277
271 992
416 1251
527 636
920 1309
905 1119
602 1211
1052 1368
163 1376
927 1061
133 818
550 1122
868 1419
1007 1372
52 749
182 341
657 1150
611 1265
81 797
582 1251
832 1346
360 1383
615 627
224 720
218 1205
317 1246
316 558
516 751
1234 1316
218 584
444 1221
361 1306
320 672
1153 1247
596 1211
370 1360
998 1037
782 993
429 1167
122 325
1305 1402
489 732
116 1418
33 916
407 1382
1297 1407
721 1054
273 722
405 438
80 1345
148 892
49 552
1182 1452
1115 1173
674 905
872 1451
271 1211
115 457
125 264
965 1013
316 408
675 684
603 1154
634 849
1107 1212
163 809
72 142
275 704
1328 1437
295 1311
422 644
78 592
222 1093
292 609
466 882
234 581
162 1051
825 1158
683 980
444 1241
728 976
631 650
1022 1309
790 1008
311 981
974 1088
778 899
231 670
403 607
825 1328
912 1082
10 581
78 272
584 666
991 1163
556 685
466 596
42 89
342 1454
518 821
404 1486
618 1228
664 1147
1182 1472
760 785
780 915
1110 1287
324 1209
295 1195
139 585
942 1498
121 301
1242 1346
613 981
241 838
130 1487
584 1001
159 846
1393 1434
752 1138
18 1212
7 384
35 1117
140 1430
797 1121
623 958
440 1312
151 264
459 864
946 1161
287 749
69 272
228 355
314 461
87 210
334 735
875 1410
1012 1066
133 606
495 1141
623 1162
391 861
5 252
953 1424
423 956
222 827
1200 1294
400 1392
26 271
597 1394
569 661
273 927
139 600
377 586
495 1442
479 1329
497 1123
248 1061
233 871
194 1050
558 1376
867 998
442 843
1245 1481
223 443
667 792
558 755
85 1034
186 1089
920 1112
633 1152
732 1049
264 448
346 1226
830 1303
510 1359
495 1156
323 1041
543 756
375 1410
344 1060
139 484
1191 1459
247 878
1187 1447
453 769
48 1360
724 1368
19 1380
941 1500
653 1140
846 965
586 1338
388 1468
128 434
129 192
645 1145
616 1131
1124 1206
662 1050
232 237
405 862
48 909
72 1017
21 576
378 563
447 798
698 1293
209 1459
83 752
1419 1462
164 200
296 880
899 1278
1230 1476
487 1024
209 838
443 820
534 1343
130 450
45 377
162 1310
178 836
61 490
770 1171
742 1080
282 605
420 800
972 1079
152 392
43 997
561 604
174 989
70 434
437 1462
17 456
116 1105
438 1419
639 1370
939 1218
34 1113
1271 1449
396 993
468 1322
441 989
571 581
372 408
614 883
390 1334
590 919
392 1049
88 563
1055 1300
1296 1362
974 1231
26 845
51 1319
1129 1331
223 1468
109 616
83 971
671 1179
414 991
59 1484
237 1284
924 1499
177 312
219 869
464 1058
491 736
900 914
178 1021
151 688
713 1251
802 1451
301 997
112 1011
988 1212
1291 1319
802 830
1377 1459
390 1218
1022 1297
121 444
737 1018
263 753
50 693
969 1209
818 1147
1116 1424
1222 1385
789 1243
344 882
1195 1361
386 784
89 1127
469 814
223 1488
420 704
1416 1442
1306 1393
41 599
589 620
590 653
78 1255
850 1066
158 945
23 831
37 655
1070 1258
212 961
268 1020
367 917
271 1389
733 924
185 1414
1201 1381
448 679
372 1132
747 1356
519 1072
447 887
91 692
33 187
751 752
22 766
140 215
135 309
627 879
725 1128
466 1259
196 1170
430 1042
1076 1388
181 980
873 1101
634 1362
527 747
1024 1367
32 1220
310 1427
253 680
653 1113
196 1340
339 1475
1099 1143
365 465
643 685
584 1009
385 739
877 1453
460 494
562 1402
694 1118
320 1404
409 1494
246 786
720 907
825 1254
256 1240
241 1050
378 667
312 1443
82 181
557 880
875 1287
984 991
1243 1337
27 1164
674 715
1032 1068
1440 1488
57 315
43 1455
187 693
705 1018
757 1243
614 1142
999 1385
195 1466
283 978
483 563
974 1485
588 876
712 804
577 1455
85 120
275 1305
291 488
963 1443
732 790
533 630
332 1431
234 1182
891 1148
117 1001
564 967
331 743
132 1225
192 1411
669 1136
258 805
785 1048
244 1125
288 1363
1333 1344
819 824
428 584
201 223
542 705
374 882
392 1187
1068 1195
106 508
973 1302
197 1031
789 1366
560 1324
557 1065
876 1120
157 189
749 1276
114 495
1163 1211
967 1310
1062 1190
71 214
1172 1299
576 816
579 1185
841 1135
726 1125
23 129
1103 1229
109 924
1046 1234
1349 1451
809 1176
546 572
263 1381
1255 1350
121 1203
150 287
262 1479
409 942
797 1232
297 536
307 343
27 1102
202 1408
141 1333
899 1320
671 1036
327 329
1265 1327
273 703
1161 1414
722 827
503 592
245 1123
879 883
739 863
655 713
346 1458
143 1315
10 911
216 802
1065 1325
734 1161
1054 1249
495 767
475 637
752 1099
135 1354
385 1449
349 1371
341 1245
353 733
74 624
615 1448
440 487
94 99
746 1440
199 446
1059 1176
916 1075
648 1322
563 1249
1304 1399
216 1137
350 534
336 377
693 972
477 1308
11 663
140 974
1158 1387
1260 1331
958 1181
1317 1457
284 998
407 830
148 961
248 891
364 659
423 1087
88 154
317 1160
189 1249
98 1373
525 1209
51 910
1401 1444
41 1412
843 885
987 1496
572 873
25 534
672 803
158 317
86 1429
165 1167
333 1299
266 745
77 282
1072 1097
120 1349
400 451
785 1171
612 1298
617 1348
1235 1493
113 1277
214 855
387 1480
815 964
502 1359
732 1214
1151 1199
908 1443
408 747
711 1331
425 652
176 480
738 1043
482 778
453 764
119 519
380 656
516 554
375 920
1082 1265
186 313
494 913
554 622
685 1366
553 720
1084 1111
142 389
840 1466
513 630
170 501
415 1345
155 311
233 1056
357 1427
632 801
474 1118
1095 1467
752 1338
624 1427
1182 1221
360 1065
197 1004
325 1392
1215 1417
374 1025
633 1371
53 1111
40 492
805 865
517 982
102 634
792 1108
867 1484
3 771
515 680
964 1079
349 538
366 409
175 742
379 952
669 993
1085 1374
153 349
858 1123
580 937
668 1379
582 618
1000 1322
668 758
790 976
232 252
291 680
996 1344
30 1439
900 1195
277 1309
995 1109
79 1439
42 644
1379 1421
1322 1426
767 961
146 1233
118 1252
698 857
350 788
482 1468
958 1270
682 875
211 835
428 946
105 148
350 992
977 1021
447 663
507 1048
1214 1393
759 1301
323 790
500 1432
84 1085
38 1310
110 219
100 687
826 1239
146 1083
49 424
261 1237
50 824
263 918
1326 1458
34 56
759 850
77 536
559 1409
541 1125
380 1230
185 288
959 1187
676 1244
533 1143
544 598
446 624
214 323
144 474
594 631
721 1261
479 1263
782 1370
136 1134
8 1223
278 657
49 759
266 548
249 677
56 202
36 72
251 1144
101 950
14 431
401 798
876 1497
60 350
728 1013
47 1248
56 367
1213 1490
709 811
280 673
89 1006
321 542
36 1028
240 1238
399 1321
196 1034
1162 1358
362 1456
613 683
1007 1148
290 1305
292 986
532 1125
678 940
610 1105
320 1098
1134 1437
354 874
459 1187
115 480
13 1013
844 1252
673 1060
206 526
72 199
32 730
438 1469
296 649
1066 1256
6 354
209 1393
673 1230
857 1310
704 925
1075 1344
282 1024
657 805
589 970
820 858
264 1222
1252 1386
798 1052
289 1253
806 1212
682 1318
710 919
1012 1103
297 1384
422 1036
292 1001
281 506
206 240
901 1097
1069 1229
830 1490
562 1082
634 1411
1048 1346
1421 1446
860 1393
458 1313
178 940
44 613
1417 1434
77 741
305 307
1185 1277
542 1122
222 379
71 1082
252 460
1045 1291
208 256
186 306
546 1270
974 1029
831 928
890 1356
837 1378
116 1243
349 812
190 488
1099 1362
250 949
87 131
394 1450
343 1153
595 1435
1149 1395
82 230
367 496
856 1129
518 1383
411 734
141 1410
228 412
576 1267
259 893
772 835
708 1292
290 1374
74 1021
261 1360
821 835
578 1079
1093 1357
199 843
654 1412
1278 1365
874 983
45 700
936 1125
173 433
852 1452
32 1420
778 1476
642 1106
843 947
857 1248
536 857
134 300
913 974
124 1389
56 1077
127 1470
604 1373
342 1279
904 1365
633 1243
1006 1343
336 1143
324 1000
250 382
614 1041
192 354
1031 1345
1404 1445
381 1126
65 400
441 1312
85 640
385 1274
184 393
417 1369
175 1405
264 1495
1036 1306
190 222
638 973
484 1307
786 1491
382 433
212 929
616 1057
545 1450
496 1306
816 1394
946 986
673 1183
240 1041
891 1217
642 1155
745 857
286 960
790 1018
59 1186
164 1499
316 719
418 1462
510 1266
76 436
282 327
497 1399
613 1277
378 1406
216 482
459 990
51 604
574 869
1085 1130
846 1391
962 1159
172 1064
1032 1152
548 569
502 684
128 205
489 927
172 443
479 1120
1186 1465
420 1478
467 1286
1143 1184
788 1022
1086 1189
309 995
756 961
61 581
382 1069
228 1403
1079 1130
200 704
748 966
302 648
778 1380
533 1335
97 824
2 179
330 393
129 919
667 1374
1178 1192
532 1433
696 767
1270 1473
283 1232
1242 1492
193 1418
214 1306
152 653
497 628
585 1070
209 745
899 1219
36 264
169 1310
154 1120
203 1086
1268 1307
348 902
396 1254
626 1253
22 919
687 707
200 554
154 669
212 1449
625 1351
919 1042
100 933
128 259
142 835
650 1353
218 1134
531 883
128 1045
904 983
1282 1466
781 1489
762 1282
204 1488
351 951
834 846
178 1078
1156 1270
426 1361
38 416
378 1140
242 626
1085 1485
1033 1430
556 1084
62 1480
277 1255
768 1281
181 1473
1059 1245
399 1329
52 1183
212 547
229 418
844 993
555 1352
1104 1372
991 1208
299 1087
190 762
919 1057
609 747
195 1454
334 930
291 1126
639 1195
293 807
243 910
456 1004
372 854
644 1101
198 1058
750 1337
686 1003
629 898
895 975
850 1123
320 655
940 1246
1165 1195
60 1062
119 1490
178 511
1180 1419
617 1213
484 809
65 169
612 1197
1263 1483
946 1109
918 1495
80 537
72 411
534 1319
331 1032
404 1284
97 442
461 624
474 1167
175 422
696 1006
159 474
120 763
1064 1166
247 1393
951 1002
926 1005
462 547
355 833
96 854
97 612
166 847
704 1302
224 587
171 609
620 1008
391 1076
47 1024
712 812
663 668
487 748
549 1257
68 1043
268 961
366 1210
253 771
711 910
511 1469
110 670
439 532
56 934
189 717
1018 1275
84 1046
217 1484
167 175
272 488
47 573
748 1220
817 1180
1394 1456
57 857
404 513
351 1190
383 1285
191 453
1227 1425
282 1086
715 1228
989 1431
20 405
369 874
199 715
127 255
709 1092
61 520
478 714
125 888
927 1113
999 1442
22 1008
180 1333
311 1435
727 1051
56 818
589 1367
531 972
918 1229
591 1048
616 1079
663 722
521 544
467 808
333 481
940 1315
190 1166
887 1227
630 1039
439 1372
1247 1261
883 1244
122 343
600 1411
143 231
244 561
518 654
502 541
243 1314
925 1295
779 825
221 1031
292 947
584 669
452 775
154 608
480 1065
182 898
182 243
270 1162
589 1251
118 1321
890 1132
218 1141
75 385
1143 1342
1069 1476
356 686
168 1388
67 1045
369 1229
166 1052
24 122
37 665
751 1213
337 513
516 1478
244 1100
254 907
245 845
735 1401
574 741
534 1272
209 772
289 462
522 686
138 510
1159 1182
1016 1081
1055 1379
129 1247
574 877
690 1431
490 583
364 1317
647 1294
40 1217
263 1118
1417 1429
22 325
658 885
875 996
1029 1304
501 517
330 1090
329 402
159 898
379 1056
1039 1116
405 1500
219 1084
1051 1081
532 1475
668 1483
268 1084
296 829
157 1387
73 1093
436 731
189 350
125 807
91 887
984 1171
389 582
126 620
331 1374
1123 1150
1270 1365
263 551
672 729
1259 1323
417 864
127 1300
217 1423
425 1024
87 1388
715 1065
43 1184
1018 1282
2 1027
73 943
401 882
967 985
1038 1268
710 1439
779 1399
676 1042
981 1273
351 542
752 1375
609 1274
1219 1403
181 894
9 302
615 1069
572 1265
518 777
375 676
115 394
100 204
15 608
609 1444
86 414
290 734
105 1407
162 857
425 1495
526 1073
100 995
179 762
269 885
250 678
395 937
698 1044
804 1115
1122 1412
15 778
501 1207
358 1106
629 940
61 1483
381 840
942 1003
414 1445
142 1232
388 1069
475 933
434 988
290 1239
14 734
160 274
236 573
440 783
191 611
462 1210
1187 1383
886 957
1129 1465
483 1229
298 783
976 1080
84 1408
287 1040
270 514
459 534
443 1173
1278 1429
561 622
217 570
505 1205
506 963
409 637
288 486
131 561
336 1493
307 1479
251 1132
551 980
430 690
716 1036
251 511
1045 1375
816 1443
715 1100
775 843
861 1426
186 1176
633 1142
839 1143
379 558
944 1490
1097 1254
900 1417
26 897
790 1334
692 1085
458 1247
443 1057
524 1296
506 847
608 791
219 887
606 1144
1359 1374
551 830
266 585
719 967
1000 1263
58 541
388 803
547 1161
965 1223
851 1026
723 1115
390 1270
508 1484
45 163
337 1292
1153 1341
612 1143
553 1467
663 929
913 1024
298 483
380 986
111 820
820 846
446 1132
515 1092
27 526
342 1363
649 798
245 1037
1125 1255
881 1133
194 740
148 855
793 1443
351 1417
380 501
256 806
1086 1122
380 1287
643 1173
825 917
498 736
368 701
184 1098
1074 1123
345 1137
621 1021
379 913
1208 1471
1163 1344
47 1101
595 1088
392 835
308 1162
887 1119
310 843
241 883
1373 1383
957 1112
1042 1185
472 1282
628 629
429 1111
362 557
46 1238
659 1110
951 1487
1394 1436
596 1325
434 907
1337 1475
131 179
657 813
453 1245
687 1227
205 831
482 1293
1244 1407
48 463
343 554
1077 1232
877 1170
566 1102
548 653
179 1356
760 1500
898 1189
368 721
552 835
107 440
395 910
1085 1384
556 949
357 1156
52 160
129 217
1263 1328
922 1323
356 777
549 602
418 644
234 1350
670 1206
111 724
26 651
7 478
1357 1455
567 1360
1031 1197
472 1467
1044 1085
112 1302
384 1169
389 1109
1137 1433
735 876
49 1171
890 942
995 1255
497 882
295 353
123 1168
166 862
431 1181
110 515
54 1098
701 1092
298 887
30 1134
951 1221
1356 1416
291 540
607 1300
193 600
78 590
309 478
565 777
209 582
96 418
151 829
77 211
712 992
81 980
301 1138
159 994
564 1155
399 1277
218 801
333 1398
266 844
375 548
136 809
656 849
755 1498
832 1078
514 781
1033 1063
108 718
96 98
1161 1451
334 849
415 939
220 1438
64 794
1106 1171
87 1144
635 1131
173 975
408 880
821 892
483 1256
1085 1288
121 299
399 962
23 50
961 1048
198 356
179 183
602 793
110 700
231 518
609 1001
29 631
92 1076
907 1202
195 1087
236 314
738 1477
526 1416
9 849
156 789
52 399
225 1024
207 465
230 1441
887 1407
1072 1245
542 777
144 989
53 288
896 1296
1081 1299
406 1049
303 417
118 1166
5 250
70 193
699 1459
1064 1250
885 1110
338 1358
554 1056
305 884
234 313
470 1383
1073 1338
81 714
345 1110
788 1059
143 581
1146 1412
290 1451
13 368
866 1073
145 1048
317 542
278 721
378 1128
277 1107
887 1126
238 631
454 806
655 969
25 1323
1263 1417
97 245
375 1073
627 1355
842 1130
765 1044
932 1253
1152 1411
456 1307
420 1200
1330 1355
48 1057
908 1310
462 1102
677 767
394 824
1198 1495
278 401
642 1382
755 781
326 1408
973 1292
82 356
787 1020
216 1325
758 1006
114 451
95 244
1421 1422
681 1085
19 1378
405 690
157 1067
1200 1477
500 1230
194 311
303 1393
112 319
463 744
229 906
273 1144
450 1021
897 1464
597 961
429 1138
1029 1489
197 837
583 1446
51 1132
10 532
823 977
640 930
427 836
547 1373
658 1235
938 1102
139 332
202 777
420 633
778 1151
1044 1228
585 1331
61 488
353 1140
537 1110
123 520
518 908
145 952
370 424
369 1143
27 772
628 1156
623 744
605 971
50 1258
280 1223
107 598
89 149
773 1108
570 643
815 1487
30 1442
40 209
1366 1497
33 150
450 454
23 1095
1231 1417
164 1004
1304 1491
37 298
499 1206
338 1311
385 1119
890 935
43 1500
196 478
1317 1413
806 1262
27 622
543 823
618 1199
603 1009
102 1307
362 934
546 1014
47 241
244 864
45 594
810 1444
1012 1318
937 1419
436 965
214 1097
526 1088
165 953
488 1300
479 625
105 801
152 444
1119 1346
528 1246
496 530
757 832
154 911
284 503
730 1298
961 1186
471 664
792 1330
576 1011
35 1088
21 1298
20 243
222 1249
336 1003
972 1432
1023 1108
285 1073
773 1293
1117 1379
104 1493
550 881
621 797
445 1354
519 565
910 1114
348 373
237 1297
269 750
1371 1478
165 837
364 664
1289 1486
316 1069
703 1436
84 802
656 1172
273 277
436 985
287 1220
1 541
390 479
752 1124
1057 1355
511 774
610 1423
111 650
931 1159
115 1419
471 684
100 1229
571 614
1230 1393
1389 1476
601 1062
304 640
342 572
695 1333
1125 1216
137 1395
931 1494
57 1084
572 1349
56 705
401 515
650 1363
838 1460
424 870
592 1002
524 690
566 592
465 1048
369 1232
862 1083
227 412
1005 1328
139 1411
197 674
585 964
920 967
316 1288
860 925
617 1169
609 1043
178 472
634 1074
17 1329
654 1060
529 897
12 972
276 1368
995 1235
491 522
1293 1402
265 1326
99 249
180 488
750 1177
199 1447
166 808
599 950
871 1472
610 1157
588 874
343 1471
1203 1449
676 1350
261 1479
397 586
2 879
118 757
352 1381
809 1154
780 1140
349 679
1237 1390
726 1239
167 757
179 245
168 824
601 966
999 1063
27 1046
286 1059
144 881
666 1223
693 935
274 295
1195 1312
307 1078
506 1382
836 892
797 1346
365 852
554 982
456 1485
257 1215
470 1309
39 738
743 1479
166 1478
1322 1436
273 1472
83 321
73 1266
474 692
145 974
548 1454
463 1271
163 768
753 1312
496 1124
497 1047
826 909
223 333
22 1134
343 870
844 1324
645 1054
800 1120
270 652
525 1303
958 1445
627 1247
658 942
944 1288
401 754
848 1472
275 1488
419 582
344 683
463 820
158 411
408 506
49 1016
699 1269
10 1195
52 345
165 1261
33 138
796 1307
199 594
325 646
866 1470
1178 1461
735 857
878 1435
907 1483
707 1387
138 621
925 1421
175 1272
395 1430
416 692
724 1292
224 1238
1097 1392
1175 1372
144 1236
966 1426
18 1040
831 1485
46 366
27 159
476 558
146 807
610 1396
61 79
223 1173
9 24
917 975
713 1407
758 1403
671 884
599 1354
890 1428
448 1402
820 1469
29 44
98 279
485 646
292 792
1439 1482
489 1415
215 557
791 944
588 657
388 1106
188 258
134 522
538 760
378 788
630 1350
383 859
499 627
318 1393
385 540
416 712
301 867
679 1350
306 1284
536 1249
188 1180
490 709
437 1386
310 1432
427 1233
1043 1089
985 1061
1245 1440
166 1062
265 959
256 1075
171 1479
75 1220
450 967
461 1174
939 1312
4 28
134 1027
451 746
81 1049
853 860
1095 1445
602 978
624 1405
582 848
314 1095
147 1059
207 480
1076 1243
719 1290
130 394
402 916
591 1413
414 915
763 907
379 731
131 317
346 1389
1167 1179
492 929
477 1491
148 222
246 471
438 538
425 1436
1073 1353
255 1002
1115 1255
483 1320
904 986
798 1392
501 1148
1021 1154
1181 1270
15 98
215 291
190 294
1128 1182
534 1166
883 1158
755 1247
739 1134
667 805
325 434
1059 1112
96 502
1219 1228
472 649
256 1260
426 908
791 848
745 963
817 1279
1035 1313
514 729
420 1249
205 819
295 942
133 634
738 925
958 1083
299 1090
582 1067
155 1265
520 1205
486 808
728 1393
615 1229
717 1173
934 1284
673 969
407 897
70 393
464 1133
479 1357
872 932
55 994
187 1019
758 1356
192 781
273 538
250 974
642 1281
10 547
257 417
52 483
788 842
198 775
851 1384
320 993
132 178
145 831
106 1285
192 1116
734 962
954 1120
145 176
239 958
65 1162
289 711
1229 1280
658 1420
336 663
1241 1245
1147 1288
183 755
155 664
424 961
389 1432
230 419
620 1045
14 1030
1294 1359
58 1268
831 837
1209 1320
186 1001
21 473
1058 1402
758 1376
867 1080
586 784
36 186
127 1364
222 1244
556 1156
283 1353
558 837
687 1148
158 438
460 1374
908 1263
367 1196
334 1487
7 1306
278 1140
738 960
452 1413
752 784
9 332
613 1452
315 1285
140 324
1044 1258
184 1005
241 1309
69 1194
270 1145
577 1379
304 955
331 633
393 1430
316 443
28 83
150 778
46 388
309 1136
410 714
611 665
10 315
659 920
174 1056
554 1359
916 930
474 904
75 538
43 1229
103 1415
964 1316
44 222
578 1459
206 674
350 1175
435 1358
348 839
449 561
312 766
1017 1430
470 1201
356 1004
902 977
807 1084
132 834
117 644
261 1255
584 701
1007 1146
361 910
191 1296
15 522
946 1346
1146 1264
517 899
963 1217
680 1274
275 458
951 1108
764 803
135 438
26 1043
1085 1325
602 665
285 768
818 840
995 1482
188 586
962 1485
795 1420
162 320
621 1181
134 229
32 762
136 696
363 1091
595 627
241 388
310 348
621 1317
69 273
589 968
116 1357
1219 1366
1080 1269
621 1482
519 1250
654 1225
395 701
847 1359
28 608
123 488
569 1283
472 957
98 1243
1233 1347
646 1264
1105 1470
651 1445
410 618
828 1322
464 1140
1099 1156
658 888
77 152
672 1498
674 1179
70 570
284 587
490 955
993 1365
1137 1258
508 893
576 1095
668 899
744 1198
407 584
755 1405
1248 1400
1016 1099
573 1150
714 949
1375 1409
418 940
143 468
1334 1396
347 712
191 710
408 821
135 1128
667 1167
677 974
1199 1316
435 976
237 629
393 1383
326 829
527 814
1075 1076
140 1199
1078 1157
311 770
948 1122
1050 1210
60 922
19 765
4 575
130 150
663 1464
348 661
727 1177
529 1417
521 665
322 395
224 898
110 811
686 1198
386 585
702 1345
1048 1078
692 883
259 741
69 997
45 1033
305 1412
519 1154
436 1404
264 1289
828 1056
421 593
682 730
281 573
55 1487
28 677
242 419
590 1240
1277 1345
963 1340
523 1472
719 930
598 750
1303 1414
897 1317
350 978
380 750
33 604
212 927
140 632
748 1080
1389 1410
445 1007
51 1053
603 1332
272 1134
1426 1445
937 956
488 866
784 1357
543 1282
382 1387
772 1358
1170 1345
495 1095
412 703
195 626
216 1266
113 634
530 1415
27 659
464 928
482 722
433 578
407 823
194 839
1037 1221
667 1202
740 1454
711 1440
282 1315
61 579
340 1165
85 1478
1058 1240
358 993
244 906
531 997
736 855
188 1345
1032 1485
679 894
883 1104
45 146
656 1330
178 1226
469 548
772 1242
211 1079
152 1403
195 476
1132 1441
567 653
518 1300
174 1248
906 969
89 1031
393 1171
36 398
1059 1359
282 1165
950 1063
33 338
92 766
752 826
326 748
914 956
675 1217
659 1379
483 495
353 460
1041 1253
454 515
70 994
749 1358
707 835
1384 1408
1200 1472
369 1254
1 583
10 1109
60 1011
184 1382
1287 1391
90 1425
1180 1368
1076 1088
74 657
71 1252
119 818
506 1185
129 1102
981 1229
734 738
938 1058
163 435
46 1386
151 292
606 861
755 757
772 806
515 1260
56 1363
490 1263
662 723
44 1220
77 596
5 1066
292 371
380 1290
96 182
412 942
226 1003
241 750
166 961
110 1269
630 798
142 887
575 1139
170 213
68 1021
692 1341
1135 1400
41 67
224 1492
337 558
3 313
293 1140
613 1228
1365 1425
770 975
230 700
1148 1458
546 1460
226 717
763 806
1296 1355
532 1015
163 1241
880 1118
359 534
194 1413
683 1281
509 830
66 438
527 1423
857 933
759 959
483 1219
1076 1477
431 1164
388 1326
820 1102
765 788
577 1490
837 1117
306 1368
476 1181
897 1324
423 548
370 1225
39 1061
1099 1232
930 1486
100 549
40 840
878 1287
223 1311
879 1354
51 1196
206 785
1247 1375
546 859
859 1250
41 422
1138 1393
1109 1379
565 1231
318 740
453 1467
467 636
23 1406
729 1351
19 671
968 1124
111 475
770 1364
83 494
8 595
630 867
243 977
730 1274
3 969
883 1077
551 956
578 1323
57 739
262 1349
1336 1454
34 1175
369 1343
8 765
656 682
594 959
441 1051
703 1111
1035 1232
117 1226
1091 1401
331 968
54 815
47 1377
215 579
128 1467
322 573
74 159
519 1196
75 82
363 586
1182 1337
91 816
852 1206
92 773
122 1297
38 872
96 135
514 949
458 1257
683 729
803 1266
90 1228
33 481
302 634
144 1273
232 785
763 1176
391 1143
133 922
985 1049
18 456
1071 1189
166 1084
1127 1358
58 1303
98 117
402 1389
316 628
118 247
816 847
321 1176
250 927
46 1359
63 1230
491 1099
771 856
437 1088
293 1229
1239 1313
169 714
413 1145
95 848
429 650
224 1159
573 1261
298 1444
794 1376
577 657
792 1074
59 154
320 1111
176 1252
2 49
1355 1395
756 967
28 118
302 1474
531 1073
722 1217
821 1114
175 878
1316 1398
262 1384
104 616
451 1404
793 1167
725 855
77 283
313 1353
989 1382
965 1418
1236 1252
115 241
909 1105
217 329
162 670
89 452
119 389
15 586
268 1417
249 1210
373 1109
338 789
311 1386
488 1263
718 1228
991 1398
171 1366
117 878
635 1203
520 1358
1032 1377
360 1386
70 415
4 1191
335 734
481 1026
540 1454
1483 1491
37 1353
107 581
78 677
24 189
223 493
997 1397
620 1314
149 1274
365 697
77 337
828 886
164 201
656 771
577 1177
76 1200
681 802
952 1291
48 1109
1171 1180
733 1171
258 1148
201 401
662 1386
390 898
149 823
866 975
88 93
21 946
254 1280
462 1358
46 977
1110 1275
224 1364
671 1330
352 654
186 203
82 1330
1193 1326
519 834
563 1072
216 926
544 865
42 1130
56 954
219 365
434 782
74 1369
879 1211
1198 1266
742 1416
348 1462
769 1128
162 1190
182 1320
123 237
1145 1275
891 1346
728 1115
545 958
155 366
458 1060
53 244
335 1089
434 986
333 787
1207 1341
91 168
497 907
971 1062
1246 1298
1363 1466
246 548
512 654
447 533
249 663
276 341
20 731
938 1489
176 720
536 1409
1062 1388
699 1129
365 596
135 741
240 1054
973 1044
111 1419
439 1358
473 1134
71 577
228 324
605 1159
1340 1485
193 795
619 983
863 1139
277 1364
1145 1329
639 969
613 1324
666 681
98 1080
415 799
113 649
416 1343
561 1125
1261 1406
531 1497
74 317
420 1491
894 1135
77 1362
723 943
643 1287
728 1470
126 1362
1189 1247
513 1074
527 898
683 887
257 809
10 318
358 387
1234 1408
233 1010
146 216
475 1485
350 426
555 1146
268 434
571 651
140 1487
730 1486
170 1246
587 1275
946 1184
419 1452
1047 1239
47 1419
1465 1466
86 200
645 1434
163 1187
361 913
767 1031
279 1120
811 1269
683 1358
293 1421
111 1022
153 269
42 918
443 1109
886 1058
11 890
495 679
668 1338
438 718
605 927
89 105
1315 1353
135 1431
547 1213
557 1497
1030 1218
126 926
1120 1341
100 1281
888 1040
530 1164
228 1014
363 1099
652 1382
159 1088
1096 1398
152 1472
1386 1439
742 884
67 668
158 1301
1036 1073
988 996
818 1382
18 969
206 411
754 1362
207 845
56 141
23 110
528 581
1163 1362
27 127
283 1178
14 370
917 938
259 559
579 1336
940 1293
6 409
695 1235
91 626
643 905
94 230
426 938
413 1037
899 1301
274 953
260 686
1093 1193
946 1287
143 1126
463 1104
648 832
121 733
409 438
64 738
495 1233
1054 1060
237 1287
770 1194
1176 1278
645 921
1207 1484
433 1337
58 458
88 872
389 1408
765 837
130 808
94 1356
866 1167
103 585
769 951
122 826
541 1453
1002 1031
399 1110
179 297
183 314
628 1351
413 921
30 681
27 312
389 957
333 610
336 1013
333 1396
876 1000
119 281
1215 1329
212 1250
135 263
364 470
197 295
1161 1415
1248 1491
38 833
730 988
259 948
103 304
328 1183
1225 1272
748 816
507 741
609 1484
522 965
117 149
433 1352
367 721
352 531
64 171
650 698
1050 1131
320 1222
472 1068
76 136
137 245
41 1393
54 529
292 659
550 1357
869 1412
289 1076
754 946
410 894
1056 1130
785 1118
181 784
755 1380
156 787
856 1068
470 1211
761 1175
86 925
478 1232
1003 1317
534 1435
92 1409
120 845
121 768
1069 1188
1224 1254
189 1114
551 685
1086 1093
470 1381
26 267
681 1063
797 831
479 534
271 490
737 760
1079 1165
242 1262
548 774
446 817
593 1412
351 937
848 1408
308 1133
1172 1403
553 1322
508 1470
1071 1204
1217 1496
61 131
52 247
299 772
152 654
14 493
397 843
591 1246
184 783
1 736
408 612
910 989
517 793
482 1264
282 416
241 1223
135 332
168 1115
157 929
737 1430
233 717
407 880
162 835
36 605
22 1090
341 1145
785 852
1139 1400
1429 1441
223 1075
582 599
474 818
400 952
30 1255
545 768
364 879
751 1246
133 336
621 1211
476 664
1082 1431
838 1034
74 694
1174 1269
197 835
1013 1361
526 731
674 1359
153 1417
345 842
555 567
829 1425
1016 1109
187 551
181 887
1222 1477
607 936
389 459
127 221
821 1430
1121 1278
921 1394
1151 1249
698 838
325 772
37 412
1069 1257
1158 1457
181 1057
285 682
1073 1405
1080 1469
88 845
1119 1324
55 206
242 545
117 238
301 318
766 1320
237 775
435 1156
178 381
195 252
893 1329
757 815
682 1026
297 340
164 1453
209 1339
122 930
638 1131
156 1361
849 1405
413 894
165 480
418 1421
443 1452
484 844
958 965
205 706
304 1389
801 1354
597 1178
799 1052
255 904
180 1319
1057 1168
230 1072
422 497
1140 1227
780 1015
32 1312
383 985
337 445
515 1487
785 921
45 728
209 568
124 495
633 936
450 923
288 615
908 1096
745 865
55 425
681 1322
202 1295
820 1440
46 1293
1112 1272
755 1319
251 1295
742 810
325 1292
654 1154
586 952
1056 1268
574 1498
586 986
1 859
38 69
818 1308
605 1324
261 1272
348 1026
549 977
551 658
295 393
98 1211
656 1005
457 1487
645 929
1360 1400
258 596
73 1345
1224 1397
184 1207
147 700
160 1243
177 1114
577 926
885 1416
1184 1341
17 521
352 689
635 666
450 972
81 234
177 1279
828 1455
704 906
310 952
728 1014
972 1445
97 1002
215 451
1219 1315
377 890
591 1384
1010 1369
217 297
1231 1484
540 1121
425 621
1248 1499
356 1172
115 345
973 1394
502 712
270 411
140 376
862 911
1138 1450
374 1110
235 261
751 1049
836 1122
909 1374
105 1455
799 1291
147 749
192 1353
688 1285
182 448
657 1257
390 497
847 1022
110 774
43 495
45 176
1205 1409
968 1351
116 569
1025 1443
492 1405
611 887
398 793
92 1281
372 1148
140 847
456 1298
413 1017
167 284
987 1068
85 1222
53 949
199 654
18 1420
56 553
905 1076
233 1195
1036 1068
404 656
302 390
1023 1311
140 1017
104 939
47 192
232 1327
379 790
293 1436
757 1273
295 1117
366 1033
298 831
293 815
211 823
986 1003
557 590
1177 1181
329 1058
319 1361
264 937
72 215
394 529
109 250
148 548
91 1208
595 1266
271 1488
214 1383
229 310
87 132
41 247
1148 1468
294 1188
604 733
450 1177
520 1060
652 776
914 1491
883 1353
392 1183
797 1344
682 1334
311 472
120 150
66 414
99 267
286 606
73 1298
507 1473
731 1022
260 982
117 881
425 1481
734 1103
332 656
233 793
541 628
84 889
609 974
37 1356
107 1239
370 580
1029 1359
932 1143
460 1180
1120 1240
576 948
703 1067
104 673
219 518
233 342
424 486
337 1374
5 810
652 1446
492 1474
155 354
889 1032
24 1148
343 1203
231 797
673 1465
1275 1497
617 1440
113 617
290 1259
169 786
723 746
101 618
784 855
289 1357
18 868
821 851
310 590
514 944
798 1321
1163 1261
862 1034
817 907
374 1233
87 1273
819 1340
879 1049
637 941
246 1356
59 1017
1151 1461
1327 1415
418 1293
262 539
221 704
1149 1159
592 1123
234 1247
1316 1339
326 396
182 537
48 210
197 761
412 536
569 938
66 148
51 435
914 1424
202 667
146 354
13 1467
22 735
81 1163
335 1126
998 1233
197 310
177 180
960 1479
411 804
473 671
216 648
269 770
427 1095
29 343
301 865
343 1422
1339 1408
1225 1321
1396 1500
246 585
1086 1224
455 557
497 1114
569 788
610 657
488 1374
699 1132
387 1175
969 1077
747 1209
1365 1388
245 853
635 1479
323 1488
531 1199
433 950
319 863
853 858
725 947
165 542
467 1001
1097 1124
136 1492
640 908
39 1276
899 1254
339 372
485 664
222 668
71 750
1117 1419
104 126
231 866
1383 1496
425 648
203 631
322 768
973 1421
467 584
670 871
553 1167
744 868
283 360
800 1071
305 1067
406 645
504 1371
329 410
596 1175
92 1104
519 940
66 1459
224 854
970 1020
199 1132
242 792
1244 1257
1107 1462
888 1062
743 1280
368 401
653 1437
203 384
377 932
1 130
7 580
22 804
916 1310
667 1138
83 292
1260 1396
10 1481
156 1021
117 1475
632 1098
1036 1226
186 814
1249 1354
450 1485
180 644
249 604
335 710
1286 1499
107 426
337 391
335 744
867 893
36 1406
1241 1359
196 1412
381 1415
1406 1415
209 1300
400 1001
949 1021
752 1184
270 788
475 756
594 893
1137 1249
753 963
593 991
435 700
311 1081
546 1463
757 1111
225 1106
83 176
256 691
227 787
411 757
286 1215
545 1084
403 741
87 290
300 751
736 1262
191 604
177 924
293 692
359 702
79 329
449 825
798 1294
181 417
384 704
213 1167
745 1316
815 1199
1303 1419
614 1345
530 920
645 1074
259 465
318 893
1376 1493
289 879
960 1112
231 484
402 1318
565 763
197 1355
235 488
16 88
267 1348
21 505
189 747
882 1268
567 575
240 394
294 439
58 781
130 345
200 338
678 751
505 878
361 854
337 780
1042 1444
377 1001
158 601
119 1055
15 500
1084 1346
1244 1462
1286 1398
100 887
140 1108
391 961
285 1367
1424 1454
112 852
292 1098
101 776
392 740
322 891
1142 1400
164 1352
543 1006
120 1148
385 1467
39 1079
26 570
274 1461
245 1447
688 1396
375 1039
903 1171
1418 1449
159 243
644 1336
360 980
147 996
50 1490
898 958
512 1135
100 116
1190 1466
349 1074
617 861
1224 1276
261 666
550 1059
90 474
310 632
667 1227
364 677
325 856
425 786
10 163
570 1045
253 671
29 1156
97 847
933 1469
725 1425
476 598
723 1123
812 1323
91 1188
238 1403
538 1251
657 1422
859 1021
95 715
112 586
154 1143
395 563
275 961
475 879
576 1209
1387 1467
288 849
75 134
249 407
652 887
40 1082
26 925
85 1353
355 787
588 1488
429 1439
155 581
1208 1314
949 1445
517 951
701 1031
540 1301
600 1010
568 627
473 747
947 1143
1122 1339
307 1357
879 975
65 628
468 500
854 1109
809 1147
629 906
804 1246
665 1259
417 1010
537 795
304 571
161 745
652 1392
602 1018
602 1052
604 1485
37 1016
987 1117
126 451
932 1458
1094 1111
220 1343
976 1041
1032 1244
49 1295
378 882
1142 1319
1127 1129
597 661
725 1324
572 1416
557 571
744 910
704 1441
12 1320
1433 1461
328 639
226 1062
342 940
284 435
287 1171
829 1127
1381 1406
358 1087
589 700
465 1081
232 857
234 538
562 642
578 624
535 1108
640 1421
388 880
1037 1485
186 351
131 692
7 1073
725 873
307 955
845 1410
325 474
135 840
172 841
515 1004
39 581
117 561
132 785
257 437
475 948
535 657
581 1184
33 301
1290 1354
768 1489
1215 1455
27 608
270 1116
1199 1329
1085 1242
413 1251
285 1340
214 326
746 1227
131 1197
1355 1467
161 1134
1327 1376
867 901
1274 1398
972 1248
411 1085
93 788
486 1018
553 642
876 1466
1193 1494
761 1000
130 988
229 995
892 1102
1012 1018
89 354
727 773
1403 1423
914 934
332 1176
544 582
701 984
838 1426
1203 1497
682 913
284 373
545 1330
1250 1483
761 884
981 1042
50 527
390 1251
1091 1290
418 721
469 1298
141 1194
604 652
1021 1433
1120 1440
99 802
878 1366
1010 1391
1223 1485
388 498
348 1029
679 1227
828 1157
186 760
301 880
60 1494
74 485
321 900
460 1128
252 1084
238 639
769 1030
174 1096
1352 1481
936 1244
327 860
632 1413
72 1008
235 584
317 720
621 1337
267 823
465 1369
938 1090
249 1016
106 438
78 182
1169 1455
282 392
315 1175
624 797
144 1017
444 865
1161 1494
405 1188
534 844
378 986
154 1471
311 741
1028 1404
377 646
1061 1422
33 1346
348 1384
121 381
176 792
79 1265
21 1237
1315 1390
639 1492
341 1325
709 1485
953 1164
670 1221
1074 1459
23 297
284 1364
453 489
115 853
398 830
284 743
171 1056
330 662
618 1022
680 1164
61 331
864 1134
219 656
47 1471
1065 1085
203 1185
261 558
563 742
206 899
203 530
613 1396
162 695
426 1091
371 667
1086 1138
8 408
238 373
266 1106
568 1290
43 872
284 292
1408 1418
390 1039
893 1174
451 1148
85 153
938 1445
477 937
250 686
191 900
209 529
655 847
1157 1224
1082 1325
467 784
256 371
600 1222
1198 1237
358 493
78 736
127 1357
26 681
815 1495
430 809
581 1041
302 932
1186 1264
1215 1312
1300 1385
599 835
367 534
253 447
355 713
1145 1450
631 930
1244 1457
9 325
187 1367
418 980
531 1453
46 182
21 971
1331 1381
687 826
586 1282
210 480
144 601
143 712
314 891
26 531
359 887
215 1028
617 1142
287 592
32 85
642 1144
95 1282
147 239
639 809
442 972
241 366
568 1024
310 1078
871 1241
862 1357
331 966
342 531
574 1474
1017 1423
314 440
86 908
176 1031
522 1453
77 1168
624 886
1457 1461
480 1027
59 98
1403 1450
137 733
210 985
1155 1311
51 758
369 1055
23 667
509 931
166 912
1037 1246
431 1231
90 1226
680 1437
390 1108
809 1093
135 601
222 355
36 1490
914 1262
1062 1413
356 1468
186 1034
240 1079
772 1228
331 850
10 459
99 659
1087 1300
433 938
836 1418
923 1494
236 1101
836 1452
200 1023
133 469
248 589
90 154
1099 1435
165 1350
465 721
1 889
200 1193
745 1230
861 998
75 920
202 253
654 1354
492 1046
681 1066
180 612
1098 1370
81 94
431 1251
643 657
108 938
372 857
284 1167
462 802
835 902
159 894
1291 1394
1148 1293
638 1065
1238 1416
234 1304
465 1192
217 778
726 1363
1060 1165
1107 1450
297 1225
257 383
530 553
215 1267
18 1430
477 1361
823 1128
788 944
123 501
93 564
93 598
68 876
72 715
167 595
13 1073
608 868
936 1116
907 1102
195 235
322 975
479 1377
91 432
488 1431
226 1193
742 1394
299 1445
514 565
147 949
341 726
1111 1482
620 1312
90 844
563 565
419 706
790 1125
346 488
490 1133
481 1359
423 854
494 495
801 1371
798 1112
385 1100
167 1100
456 1493
260 827
591 847
364 596
351 1494
88 91
766 1187
594 595
105 1403
779 1075
119 572
670 928
179 758
385 649
480 529
367 1497
1160 1306
225 1429
1202 1208
67 373
255 470
861 1237
593 1484
1021 1243
917 963
763 1297
348 674
178 1170
1054 1405
324 1496
25 1393
716 1148
281 285
280 637
670 1263
803 902
137 536
544 1033
643 930
1011 1090
759 1450
72 449
124 813
1003 1273
375 556
271 276
733 1184
619 1097
609 1290
1183 1341
474 584
151 1172
47 892
106 1320
640 1150
298 779
39 145
369 407
268 863
68 945
370 474
331 653
997 1129
30 536
136 497
609 1004
1111 1381
369 577
264 1016
931 1140
504 1448
505 1371
986 1252
187 1108
1382 1385
324 895
934 1053
147 397
51 1236
251 1429
1187 1229
882 1475
715 1300
122 531
242 1068
13 861
1047 1387
746 1126
750 1143
848 1214
979 1206
114 570
250 578
607 1173
320 461
723 941
326 911
442 679
426 1318
495 1443
338 876
168 1372
614 650
241 859
374 1297
258 764
36 105
965 1219
330 438
821 1085
300 1143
189 1425
564 1062
678 1293
825 1233
33 50
827 914
124 1338
937 1018
1042 1331
119 190
604 667
200 1016
102 1076
794 1231
379 1360
593 1102
349 980
549 898
553 1012
266 1052
77 589
897 1098
486 767
21 242
829 930
975 1112
310 669
1242 1251
682 846
874 913
126 1375
501 1122
406 1242
203 1432
545 1360
379 909
392 1452
104 1092
365 1119
764 974
123 1430
1014 1103
640 1389
268 282
1070 1272
637 1020
423 1312
190 1088
162 355
568 916
216 1047
334 606
42 596
925 1183
1378 1450
393 413
65 951
735 818
466 1142
1144 1473
181 863
280 760
510 725
1215 1389
254 460
68 78
786 1285
113 716
866 946
445 1424
401 1220
373 1129
72 703
636 1125
1310 1439
193 1197
118 1408
14 989
353 658
730 1218
27 125
1032 1402
256 366
143 1444
1 1266
676 861
130 170
736 937
2 259
216 276
750 761
806 930
1336 1398
465 1234
466 992
129 378
349 1500
619 934
484 820
651 1029
411 602
946 1120
1265 1306
614 1054
563 757
796 1458
205 226
409 436
24 1301
323 1116
766 1175
707 747
103 1068
285 1362
201 1212
94 563
427 1194
689 1254
279 571
734 1140
144 596
607 1296
655 862
422 638
276 1132
666 1103
424 1105
1214 1399
427 743
414 677
341 1389
899 1183
832 904
141 541
1076 1170
395 504
706 1363
677 1349
473 484
562 849
449 520
912 1076
1109 1222
59 1335
79 1465
691 1304
652 828
606 943
438 1120
71 1470
399 1409
900 1420
428 1457
503 591
45 1204
732 1309
891 915
487 1264
681 1012
239 365
175 1438
1200 1438
69 1372
1005 1282
530 950
940 1190
396 898
70 1261
247 1138
348 716
697 818
50 1301
705 1455
394 1387
456 1254
460 1402
241 1167
906 955
349 919
40 1038
606 963
15 530
823 1205
1233 1306
601 1371
642 873
991 1342
1061 1225
456 968
119 1255
229 717
520 681
319 1317
15 79
1237 1310
480 1246
947 1303
195 967
64 1009
363 934
698 1102
166 1097
1083 1167
741 796
242 1430
9 74
588 1163
186 1083
603 1387
978 1134
860 1064
97 372
101 389
389 1024
315 406
537 887
136 1495
522 697
591 657
593 1090
279 320
436 722
94 351
451 946
255 867
458 1154
26 935
456 818
432 744
849 1048
345 369
404 797
117 837
604 1024
466 1450
1245 1359
890 1197
51 958
83 576
443 1265
1106 1372
115 1326
660 1363
170 364
566 1406
1051 1092
908 1156
92 1141
551 1072
697 887
613 1214
1230 1436
663 967
484 827
79 1418
65 187
1042 1373
308 695
12 209
109 1177
211 513
233 1254
492 945
1139 1248
61 518
554 1121
1127 1139
289 1449
286 747
303 652
438 1413
738 1261
393 906
63 356
541 1424
148 1228
7 331
596 1227
700 852
369 688
172 851
975 1489
428 1260
1190 1264
239 1410
978 1237
176 999
262 830
509 1355
537 956
606 916
80 1361
587 714
155 495
861 917
356 480
372 1392
688 1078
1396 1456
751 978
232 1372
794 1458
131 421
905 1320
937 1415
623 1410
282 1405
925 939
879 1054
757 862
285 899
373 686
1295 1461
676 903
835 986
73 217
58 1434
219 1164
414 699
149 550
481 1258
969 1203
52 368
54 1456
731 766
343 1228
1264 1315
818 1272
918 927
979 1036
704 1219
774 1212
754 1252
22 255
855 1307
885 1244
34 220
212 785
829 1041
170 904
1049 1199
155 714
818 821
127 458
1234 1236
287 1216
707 959
566 1359
984 1421
61 102
247 1160
682 1093
167 849
1206 1425
29 33
672 974
733 1083
559 1287
485 669
5 855
449 562
233 1173
365 779
102 450
54 855
779 858
974 1294
1015 1163
379 734
150 1279
847 1340
532 1124
615 1183
963 1252
131 1077
715 1480
331 552
72 683
116 266
138 1484
811 1398
333 1019
207 789
610 1303
947 1296
358 400
127 1264
15 858
41 812
169 1200
243 411
46 1229
552 1078
854 1262
321 425
261 383
1202 1462
1386 1432
66 227
1226 1460
8 199
611 919
387 1370
856 1108
1046 1494
481 706
228 1143
318 1266
1133 1392
73 456
850 1449
704 1288
669 829
149 168
596 996
1203 1411
383 936
227 292
567 1016
266 480
115 1183
345 1148
831 1412
124 412
202 1081
836 1174
607 1242
436 1050
566 642
1220 1481
854 1146
753 803
94 1465
239 592
172 1445
37 63
784 1284
84 382
10 550
443 802
935 1372
291 817
173 747
620 1465
421 1195
62 264
999 1229
955 1025
799 1023
39 700
1200 1214
336 501
421 574
250 1147
64 731
511 1174
801 1490
705 1066
5 1094
345 411
112 187
490 1422
436 934
450 758
777 1416
1310 1488
9 1242
626 1464
1025 1209
784 1134
585 864
493 1204
157 484
1193 1346
1045 1305
430 1406
211 1006
1074 1353
40 1469
43 431
543 1127
515 871
948 1288
90 716
30 674
18 531
72 1053
596 599
218 758
123 878
465 628
612 1223
656 1461
554 862
108 1296
196 331
769 1279
528 929
706 1494
386 751
110 1011
1318 1333
469 810
103 918
1146 1218
87 315
16 1185
288 300
147 1287
1008 1188
1114 1259
265 736
636 1155
999 1448
1085 1279
958 1291
23 1414
314 736
527 830
456 1079
89 1429
44 60
231 509
221 702
292 618
138 952
1172 1478
191 309
223 1169
683 989
871 1086
256 566
801 1258
340 860
794 1165
302 962
1064 1076
60 521
308 1412
418 874
146 1104
565 1089
442 1118
1042 1469
248 749
123 1097
588 1444
68 783
338 694
513 890
127 315
629 692
131 1084
220 1449
130 705
275 597
577 781
912 1426
37 1258
163 833
241 1468
192 1324
79 1160
1241 1322
76 183
22 447
54 542
140 648
1147 1496
515 906
84 335
978 1129
661 755
664 1491
15 996
1169 1307
166 1228
180 1073
380 1101
122 403
641 651
1048 1182
1350 1463
735 922
733 1275
206 246
783 999
59 128
75 275
77 1363
913 1377
210 394
93 1345
514 1011
469 1049
312 1124
1048 1483
314 805
360 724
261 861
348 1367
123 1452
279 1441
541 749
884 912
298 1137
96 498
454 851
742 1486
1234 1448
282 1045
627 745
474 1112
493 1463
62 892
465 1372
2 1183
547 743
162 644
821 1423
825 1440
947 1003
1098 1264
38 915
559 1499
11 105
973 1434
3 1386
890 1042
129 1438
1224 1321
1089 1346
275 535
574 1102
939 1042
277 968
797 864
306 694
46 1101
395 928
224 736
284 1197
1315 1388
717 718
988 1351
2 1033
489 578
85 1092
422 776
675 981
308 1365
952 1265
121 1335
207 1166
270 956
1113 1338
757 1143
355 696
129 536
731 1498
46 820
374 1034
983 1130
1257 1333
769 1422
1068 1347
308 914
491 1346
3 1435
368 1375
698 885
350 816
148 287
998 1485
1127 1154
135 530
98 1320
559 932
475 1259
470 876
2 917
22 1157
680 881
1324 1470
649 1220
416 996
637 1077
418 677
320 703
209 1352
207 1016
770 860
239 634
398 717
122 322
649 1390
117 586
291 859
507 557
884 1117
436 1427
482 691
639 1093
198 825
356 1150
906 1093
110 1169
215 1482
630 698
340 1168
86 440
658 1465
43 269
101 774
57 570
246 590
550 1207
406 1348
771 1288
263 1247
455 1314
190 1029
69 739
610 1414
51 290
369 587
160 1372
42 1158
38 533
689 709
273 438
361 1357
228 953
1054 1435
677 1352
365 1395
1243 1277
940 1479
226 787
566 1039
1040 1160
905 1185
118 1184
763 1007
60 1465
425 1405
552 738
527 1493
584 833
192 560
437 1404
483 1289
379 899
655 783
645 976
213 1234
385 694
658 864
565 1451
406 1402
116 431
1035 1112
293 308
321 1041
1028 1496
75 583
710 1364
1390 1410
38 1339
502 1176
43 1279
674 1325
1202 1457
614 961
704 1084
834 1153
243 1362
603 919
449 1363
896 1329
952 1388
625 1207
222 1479
177 220
131 335
955 1136
395 731
576 1377
1278 1339
262 1084
962 1365
819 1264
1131 1255
850 959
90 526
60 864
86 509
205 1123
4 517
1057 1250
121 352
1005 1339
956 1085
526 547
246 1416
426 761
428 442
431 1453
815 1451
721 839
939 1350
478 1117
905 953
249 910
48 1056
694 1326
606 884
65 961
1158 1273
368 426
731 1471
42 1431
674 855
1052 1338
505 999
662 1401
1008 1134
261 1354
19 1246
1101 1338
32 1244
392 691
1126 1369
396 708
80 844
796 963
385 632
258 644
500 1229
468 1168
168 665
864 1445
1 490
542 1165
563 1053
1053 1431
388 878
533 770
111 1351
538 1187
122 916
133 371
378 560
52 302
1215 1249
792 1430
862 1313
400 1157
712 1148
372 424
1031 1203
1235 1413
744 1243
225 340
89 303
27 470
589 1033
531 638
534 719
223 1450
747 847
89 468
669 1480
855 1241
194 815
301 809
740 1430
1020 1297
326 840
387 949
203 1346
344 1145
433 1345
70 1086
60 147
581 731
419 423
266 515
65 1316
751 1131
882 1123
149 368
1157 1249
256 396
430 669
1144 1217
308 1237
1418 1420
230 607
647 911
333 618
652 673
597 1014
677 704
89 973
254 374
14 1354
93 1121
1247 1432
658 1288
804 828
130 501
442 492
1002 1374
227 861
111 328
517 902
734 1000
929 1436
705 1130
224 1283
109 783
944 1149
97 1439
968 1147
216 811
1019 1449
555 957
1205 1210
705 1266
57 1383
44 75
953 1093
1110 1495
664 1452
65 749
453 1039
21 545
525 713
1320 1500
255 1313
1060 1286
790 1197
1382 1422
893 933
75 105
416 587
262 921
4 975
224 1133
598 1266
254 1214
137 758
351 775
512 1291
313 366
778 1258
704 1392
722 1055
151 1360
769 863
18 314
146 1454
939 1153
565 1439
94 1399
871 985
410 752
698 1112
41 1455
10 353
554 1397
1004 1410
71 462
99 1339
475 1486
45 196
143 922
1222 1300
751 1370
539 1199
591 633
276 1347
9 875
656 890
585 1283
84 1306
43 1471
805 1475
69 461
113 699
431 1106
332 1243
537 1101
106 1392
19 598
540 1292
524 689
483 1331
1048 1498
44 1386
414 475
687 920
141 339
792 1267
444 1198
735 1272
342 1076
131 663
33 723
246 817
1345 1435
267 1457
714 1423
582 777
81 323
167 906
42 1254
1087 1345
327 912
546 1456
384 396
169 1373
501 1494
384 1148
31 557
1098 1114
278 1082
346 629
236 1311
655 1296
855 1248
68 115
659 692
253 595
481 913
618 1321
990 1498
236 1481
275 1336
361 1167
804 1116
217 1308
5 1247
708 823
18 383
19 783
76 233
45 95
74 586
252 496
110 1450
297 1134
455 1459
587 1175
890 1392
989 1289
5 1417
131 1469
104 659
1120 1391
295 837
49 1034
36 347
521 853
395 623
51 571
379 675
854 1484
199 1364
871 1389
216 1269
544 1208
719 1404
1064 1214
980 1064
163 636
867 1377
639 1224
1086 1190
311 1429
743 1027
468 1210
1320 1337
1254 1458
500 650
863 943
151 1483
1021 1268
57 80
192 841
609 1145
492 689
1013 1273
381 861
150 318
297 1188
483 949
226 651
758 800
285 424
498 518
514 1430
132 825
271 301
347 600
275 1070
150 1240
420 674
955 1082
51 1377
588 811
313 994
862 904
884 1331
363 747
228 633
814 827
71 265
975 1199
75 1034
387 1025
562 1221
878 1017
233 848
78 1259
422 1345
296 638
279 1409
553 682
365 619
270 1491
660 710
735 1395
487 981
816 843
776 1264
57 920
755 1381
1313 1319
427 931
815 946
411 1460
686 1421
380 502
573 1257
43 789
633 1333
139 427
800 887
315 1345
975 1083
199 812
632 1064
278 550
523 1394
319 529
120 259
295 455
166 930
697 1321
80 169
352 581
597 770
661 1248
845 1218
15 1489
431 628
346 922
38 432
976 1320
448 533
601 918
458 817
547 1182
1262 1378
460 498
1164 1404
897 1409
77 934
493 1315
626 954
64 1177
525 755
1145 1236
113 1143
282 1033
1097 1159
759 1413
85 444
141 1399
432 611
1064 1167
1008 1129
653 967
551 735
35 1498
196 1228
355 834
152 1024
829 955
159 1397
718 1224
172 533
385 627
592 1028
123 703
75 482
193 1338
37 694
196 777
1115 1458
969 1132
90 1463
1173 1342
936 1284
340 801
535 1237
15 1053
190 1249
107 747
822 1218
623 1058
405 1058
131 200
891 1458
91 765
356 1084
1161 1403
729 1184
1118 1232
459 1095
242 376
1133 1456
416 649
674 904
1054 1068
453 1436
911 967
404 849
490 680
451 1134
680 733
281 700
842 863
427 549
1132 1213
1103 1199
256 391
1254 1465
30 1305
874 1123
533 1440
607 651
879 1173
1267 1463
1194 1245
868 987
195 418
305 1287
466 1017
108 1141
366 1396
146 308
599 690
339 1063
457 512
411 627
224 288
684 907
373 839
38 671
792 824
945 1209
548 1179
866 1476
287 864
531 653
492 832
31 599
15 486
208 1241
547 800
623 1243
1196 1261
368 626
353 1188
400 721
468 1033
427 433
35 160
564 875
874 1007
796 998
760 920
213 581
534 1069
480 581
1184 1322
692 1394
465 1143
696 756
322 1042
267 1383
252 1193
1217 1484
172 738
42 1180
485 1239
646 893
501 1386
370 1428
1103 1418
73 1006
19 995
399 1298
14 612
668 979
852 1059
20 441
270 1013
474 1223
255 823
87 1000
396 622
545 1173
719 1446
891 906
143 548
867 1419
990 1424
246 1214
17 1007
984 1254
107 365
1359 1368
222 962
7 854
1066 1102
655 771
569 1417
753 1387
381 1354
169 1018
796 1047
712 897
932 1055
692 1414
1149 1187
692 1448
336 886
517 597
794 1059
178 1237
92 476
398 1429
477 541
1103 1438
771 874
991 1032
438 1029
1161 1322
123 336
115 210
1091 1473
433 1094
428 711
57 326
1126 1172
976 1007
89 421
611 1038
218 1007
1114 1173
970 1314
984 1138
653 940
781 1328
339 1302
598 1315
560 1417
266 429
368 695
154 1430
1058 1169
1118 1355
971 1127
559 873
58 1171
471 1183
29 1157
331 686
446 1495
146 717
1120 1167
1124 1171
810 891
954 1392
20 796
19 108
1029 1325
569 850
926 1445
86 667
11 401
97 266
1004 1459
917 1050
956 1238
1423 1444
110 154
2 373
102 303
260 628
272 1248
41 228
4 1495
132 751
351 1295
45 376
537 946
11 1357
415 1485
542 818
632 941
49 524
144 1030
282 1225
1020 1265
691 748
101 1370
545 1242
1154 1448
1408 1411
6 856
61 659
541 609
508 1377
798 1418
267 1336
842 1001
1292 1336
58 604
417 880
918 1334
824 1377
892 1068
997 1381
20 229
7 472
6 1191
221 966
1201 1481
556 1278
241 475
472 1495
902 1045
702 1494
537 966
1252 1437
387 801
55 680
273 714
13 157
920 1350
218 290
165 789
50 944
1025 1042
626 1331
599 998
197 441
1101 1375
222 915
380 1350
228 1365
702 1009
145 973
1061 1319
492 1140
473 933
988 1211
618 715
362 1105
534 1042
467 1452
207 240
69 1486
1184 1460
95 1275
85 336
156 1384
16 887
833 1446
401 952
1153 1458
480 889
477 630
424 1307
511 1061
168 1042
22 847
10 738
228 1249
905 1180
384 596
417 1269
679 1329
114 541
1253 1380
105 1409
89 1296
438 1288
662 837
363 1499
93 658
740 817
193 478
49 763
193 1264
153 388
1245 1419
194 367
397 654
154 932
108 1047
1323 1433
528 1432
607 727
261 339
294 1122
1013 1288
179 347
199 1229
909 1042
395 522
110 898
671 1048
88 1257
173 1440
616 1389
1077 1179
346 582
519 1207
1350 1446
408 724
466 1229
963 1223
578 1014
33 356
109 655
777 1318
11 1480
799 1129
10 792
437 628
31 54
207 1415
314 1409
1417 1418
683 740
101 1459
212 844
1032 1353
462 1416
184 1230
406 592
101 217
708 907
247 399
471 1326
1086 1424
553 697
803 826
639 837
961 1261
715 1136
584 1178
547 561
412 586
759 1374
530 1167
86 805
618 954
901 931
73 296
693 887
22 1406
158 513
1411 1439
534 660
106 458
598 1138
350 1366
84 1294
1003 1333
611 1060
338 1367
206 244
99 221
41 502
283 977
1363 1388
345 1119
717 1186
591 956
884 1366
577 799
541 582
643 1325
80 218
222 383
1292 1309
468 1260
255 1166
419 534
144 717
183 1015
18 487
219 1127
778 844
703 1055
780 1277
667 838
852 951
194 606
696 983
1211 1261
257 430
269 1325
517 809
849 930
1297 1406
523 1259
809 1495
678 882
147 1243
263 1011
1085 1201
368 1358
420 792
843 1402
6 1499
179 717
28 1420
617 909
772 1009
616 1007
1376 1474
730 1238
211 225
1323 1386
159 170
1266 1391
107 592
291 672
122 926
456 1205
972 1406
97 308
172 849
87 776
289 375
1423 1486
167 943
407 1231
27 446
1148 1491
533 950
22 68
1068 1214
264 1295
584 631
622 1171
96 1472
254 500
1346 1421
366 940
432 1432
142 770
402 1149
619 1260
602 624
834 1402
963 1346
633 796
279 1212
79 364
296 1227
1355 1475
35 912
1070 1196
544 1497
1221 1428
972 1256
1032 1442
11 327
50 515
980 1387
533 1455
301 1154
748 1120
1107 1396
797 1086
521 691
294 474
765 1156
523 1158
845 1472
1268 1291
268 541
481 635
386 1397
1231 1460
113 1261
110 1002
559 649
40 388
112 717
1420 1446
263 949
564 720
584 1437
451 1033
34 873
912 1397
228 621
310 1399
470 763
463 1312
86 1229
573 774
316 476
218 502
1267 1362
345 621
133 285
189 1418
37 1433
510 1154
411 492
94 118
970 1008
296 791
1248 1325
8 177
946 1175
187 1252
826 1285
206 838
620 773
1223 1493
52 1172
882 1488
925 1326
133 620
1097 1263
48 1189
152 172
196 410
1318 1378
561 1136
627 1002
129 1394
488 1193
243 860
758 1138
228 670
6 181
166 952
83 1202
39 998
426 1365
415 1145
362 1167
102 133
36 118
815 1400
600 1292
590 864
107 1336
1113 1129
349 823
136 1481
81 415
63 1263
914 1467
813 1446
928 1291
1243 1329
248 1415
559 718
850 1447
566 1091
798 1248
192 1233
1200 1362
311 1370
49 655
1119 1293
385 615
848 1281
1160 1272
659 818
446 855
248 343
244 360
1169 1182
146 863
23 926
356 902
333 1372
506 590
405 1046
48 1093
159 478
677 803
74 882
64 1350
811 1164
463 1095
356 1072
153 164
355 837
12 530
632 1121
507 1469
754 1373
222 1046
669 1012
220 922
47 407
164 1340
26 1145
19 793
169 1102
727 1205
729 886
507 1018
348 1446
5 1427
75 1310
161 1416
621 628
10 1189
467 962
138 445
363 1159
122 332
523 1165
225 998
613 1288
398 858
1204 1210
273 1350
12 1035
961 1488
14 716
1208 1248
608 1408
352 1143
749 1317
63 95
594 596
887 896
422 515
170 875
36 658
314 768
130 1440
115 1250
271 597
618 1385
530 943
532 1376
677 1158
846 1048
189 1391
7 992
102 872
769 996
696 778
206 1296
1189 1381
409 818
83 670
655 1040
341 1402
71 561
228 308
1023 1095
963 1053
691 1317
411 1421
190 685
1008 1070
35 653
866 892
560 730
574 1031
460 944
302 1295
631 1157
237 697
219 248
1110 1328
983 1340
203 777
47 1097
247 1015
65 616
479 661
538 1089
625 843
1116 1157
1057 1371
78 648
43 1119
553 692
485 490
345 1400
185 1428
674 1296
877 928
1170 1228
146 986
1013 1303
866 1397
149 590
1067 1348
582 876
514 674
34 1366
253 359
167 1005
471 870
674 1466
115 984
674 811
1383 1492
113 682
1395 1457
548 615
51 820
669 965
297 932
1146 1455
704 1429
528 545
1048 1481
905 1380
27 1498
658 889
246 635
162 962
192 1376
505 1290
362 1189
1085 1482
176 807
648 1247
611 740
968 1335
685 1392
523 1084
34 1250
224 229
674 1316
575 1453
227 1384
664 888
445 1240
736 1204
767 899
1125 1252
376 384
1065 1100
119 361
7 1362
462 524
886 892
1000 1013
17 273
385 1224
400 1448
745 1258
343 701
370 379
403 887
285 673
42 951
400 827
2 1482
679 1413
119 531
158 829
664 1223
1009 1033
695 918
88 215
885 1338
519 820
1176 1412
668 1371
5 609
100 494
382 548
441 976
586 758
662 1057
184 678
377 1433
53 1472
846 1171
129 364
680 1029
31 424
639 906
594 1054
151 340
967 1154
40 989
545 1080
634 1280
616 721
501 876
154 565
613 1426
729 1194
547 795
25 930
288 926
347 699
48 1251
879 882
1049 1138
637 774
581 1357
523 1439
570 972
82 1171
136 451
787 1214
761 1459
1106 1269
395 941
260 350
355 1029
369 531
304 1065
621 1106
723 1050
116 1112
561 742
479 1405
1128 1245
806 965
455 1462
138 1088
34 533
51 404
498 1122
1149 1298
659 1161
660 809
240 1210
214 800
86 889
100 713
82 264
981 1331
1269 1358
393 502
509 747
912 1227
206 949
196 1142
36 1170
181 952
74 303
354 1467
25 950
695 817
870 1013
654 660
1044 1286
29 312
584 811
972 1101
1274 1285
99 1091
274 1287
907 1014
352 1301
576 850
383 996
46 382
1298 1385
320 585
667 752
157 524
196 822
135 747
598 936
763 1325
647 936
1054 1433
495 951
143 257
276 1303
104 711
927 1479
626 1053
1243 1275
985 1329
167 1012
959 1063
38 80
246 1059
258 437
348 1037
74 978
752 832
462 613
1143 1203
93 1316
433 633
148 354
456 954
670 971
1057 1228
82 1240
372 804
775 1318
1073 1485
162 314
292 1313
316 622
822 1016
136 1311
187 345
435 1236
243 404
408 426
1309 1313
1112 1167
1430 1464
214 1325
236 345
477 1172
123 181
671 920
741 913
23 382
317 1480
772 1428
176 329
1121 1242
479 1023
347 652
928 1422
146 523
1015 1176
18 169
126 563
532 1137
144 1156
99 374
634 782
721 1322
92 957
482 962
269 978
240 964
1070 1280
11 1066
83 1382
447 778
129 1123
778 963
8 833
1169 1347
370 1478
23 1057
337 729
394 821
165 1366
372 538
515 1116
842 1331
296 1025
963 1149
702 834
503 1316
217 1114
231 283
482 1467
827 1277
83 1101
1068 1483
229 1393
299 1276
1274 1374
326 988
68 1042
11 295
704 816
530 1054
976 1372
764 1036
154 252
467 923
94 857
583 725
668 908
34 1292
845 1440
85 1117
1215 1281
298 556
1091 1387
139 984
56 482
1223 1412
87 177
443 849
1179 1208
696 1025
473 608
379 685
465 791
334 833
555 1391
860 1289
281 567
1097 1381
124 964
1233 1279
229 1277
1175 1361
386 914
299 505
176 534
960 965
1338 1448
889 1358
404 852
505 1182
574 1142
55 239
971 1177
841 1142
555 940
553 638
1156 1358
297 1028
596 1228
631 652
199 433
805 1200
82 87
993 1297
