1500 7500
360 949
461 527
719 1225
848 894
103 761
1157 1451
26 1495
337 798
916 1232
658 1286
357 894
587 749
1268 1449
1220 1228
594 1266
195 790
405 625
524 652
250 1345
268 864
197 1257
604 1133
923 1298
463 713
375 1023
145 1168
878 1158
322 1045
500 709
204 975
854 1228
524 953
663 906
380 963
236 1104
814 1138
933 987
428 1315
1280 1442
53 913
1268 1333
303 387
587 1419
163 545
793 1420
1301 1495
554 1060
1346 1478
260 897
688 1133
599 1077
173 999
910 1281
516 1327
650 724
549 1180
475 562
862 1094
393 1500
14 329
569 799
712 934
440 1164
209 621
599 1247
829 1212
741 770
83 1355
128 552
1144 1284
472 638
748 1177
47 1282
1214 1447
549 729
881 960
71 625
293 464
1272 1331
137 1261
627 1495
313 1490
192 299
311 1188
775 1025
257 1177
326 1412
876 1080
528 1011
235 915
451 1090
779 1029
398 1112
52 724
152 379
1085 1361
384 1466
1175 1484
229 745
270 614
166 334
459 634
128 436
374 1313
1234 1291
131 1282
214 576
979 1426
462 859
293 348
378 531
379 454
553 727
914 1339
199 522
213 823
110 943
1059 1286
555 573
1275 1461
186 1276
215 635
239 913
1286 1340
796 818
151 505
339 1354
213 503
459 1270
594 1355
242 551
820 1227
621 1067
648 1112
1079 1240
883 1017
35 252
463 1418
626 829
220 255
281 1496
739 1027
830 1073
365 548
816 1393
70 572
11 1108
671 846
114 810
228 276
961 1340
949 1197
895 1186
202 1417
523 1153
482 519
452 582
193 878
109 453
534 1360
254 1131
295 1000
484 1020
473 635
450 1380
542 1040
727 1043
586 1278
206 493
111 1255
402 577
643 749
213 1343
730 1302
14 418
1067 1151
665 1181
351 1066
62 1425
103 1404
697 833
281 308
599 715
87 185
833 1483
315 503
638 1327
705 951
120 824
324 1034
22 884
1170 1497
852 1200
224 483
151 1195
886 976
717 1120
31 173
808 1166
1397 1441
383 390
986 1110
542 1225
1143 1499
325 396
1060 1107
975 1401
687 1041
1389 1446
804 1319
216 380
436 538
432 555
490 1060
437 1082
265 490
797 1281
811 1105
105 1160
281 1114
222 1438
699 1451
383 725
246 1074
575 936
573 634
305 881
160 1099
837 1030
1339 1407
792 1068
322 786
421 1435
313 391
699 1000
512 695
571 1123
282 1482
172 1399
748 1034
778 1448
101 220
333 1163
590 1495
965 1242
107 1312
102 929
664 740
605 1064
61 164
999 1052
507 1124
1230 1417
141 611
268 1241
745 1110
535 730
408 1431
262 961
275 1137
642 758
268 1411
94 483
353 1151
195 1468
682 1490
383 910
586 1197
414 1082
132 1062
241 766
71 332
409 1346
243 269
767 1222
379 966
349 1304
354 1066
193 1336
17 562
459 1413
53 674
539 1103
744 1071
253 901
1164 1456
498 1090
687 1110
330 1267
681 1417
850 1307
647 1020
618 1006
478 1164
1231 1394
477 586
596 723
432 624
1098 1100
78 875
318 537
96 669
195 566
408 660
722 809
926 1019
24 518
845 950
874 1441
971 1002
110 1135
614 1193
118 1266
16 557
37 1197
1310 1462
639 1229
582 1234
135 550
222 304
545 1403
301 351
42 372
980 1370
603 1287
374 1355
15 149
28 967
104 548
363 1004
964 1278
896 1076
394 1341
378 1228
236 1050
1202 1374
62 122
92 570
1300 1369
760 1204
1059 1294
642 657
228 434
399 1412
19 1143
252 1477
57 386
565 1213
998 1355
1196 1259
823 1193
438 507
1007 1273
1027 1403
396 736
1101 1400
872 1468
125 281
356 646
286 797
2 132
335 1418
870 1171
391 1144
1001 1273
436 1127
1299 1474
854 1189
1287 1331
757 863
236 279
40 1497
23 971
585 1057
671 888
715 1126
372 1107
142 487
220 1122
634 1167
365 760
74 175
280 818
265 628
314 1249
55 1380
1104 1475
201 464
779 975
487 1287
198 239
967 1381
539 857
262 429
563 965
17 1136
80 926
378 1127
841 1206
139 1388
833 1190
245 728
75 1224
245 1480
837 1338
290 999
690 1110
394 1410
853 864
913 1050
626 1090
1103 1470
122 411
342 569
1060 1299
258 1061
145 732
400 618
772 795
349 976
117 675
293 1415
269 1451
516 1177
181 1009
827 1245
169 866
1029 1119
1041 1262
481 857
398 1107
443 1103
742 1193
288 382
529 1209
212 835
561 1304
2 822
208 857
495 1493
1123 1280
91 435
247 424
198 1215
488 779
211 351
86 1451
310 1000
214 707
110 152
34 610
4 838
189 199
151 335
247 1380
310 1170
97 1186
327 1041
301 1396
388 1150
528 1026
282 1223
356 434
255 890
1105 1336
172 1140
917 1383
329 887
343 711
603 1090
519 1417
1029 1173
538 1003
769 925
49 71
10 250
223 344
69 678
800 1097
396 859
616 1017
545 755
283 517
558 1408
183 254
31 269
100 504
477 1064
333 1205
1148 1331
18 512
621 1232
1267 1468
234 1342
235 1265
72 1034
739 1158
146 279
109 1069
22 660
310 1054
256 1318
718 963
341 880
633 1257
564 1297
1350 1409
290 583
736 1268
379 1425
117 744
550 996
406 1137
628 1010
803 1206
108 826
958 1272
152 1064
183 759
515 702
198 328
70 451
331 787
52 172
636 685
593 847
597 864
1184 1424
1402 1458
326 409
713 1418
457 1153
342 1143
113 446
634 1174
143 1004
1039 1335
89 993
118 352
868 1177
68 1385
928 1363
726 834
322 1348
95 167
424 1436
639 1101
915 985
906 1101
719 796
403 932
406 570
377 556
52 1463
398 1196
149 1024
756 1106
1122 1446
545 1445
124 516
87 1306
977 1043
14 433
636 705
173 1268
57 93
949 1096
404 438
489 621
791 805
20 262
1443 1491
551 1130
151 254
458 1096
788 881
705 966
149 743
277 764
379 1494
206 979
613 1476
164 456
52 1347
642 869
1175 1418
40 583
200 1485
308 1127
851 1006
450 959
5 1363
1459 1488
208 243
85 1024
338 1064
385 872
775 1498
87 1491
375 444
329 559
762 811
726 733
746 863
558 910
645 664
386 685
802 1066
811 1120
378 1455
336 455
207 1263
67 766
206 242
918 970
356 441
661 1091
159 1356
572 1368
806 1350
1368 1436
949 1485
12 520
922 1152
867 1493
1212 1468
625 730
437 1432
626 1452
295 1254
1070 1159
252 1083
457 941
727 1127
284 1212
71 463
974 1031
1033 1459
688 719
459 787
1226 1318
191 379
999 1067
394 700
879 1316
65 183
655 1146
53 184
1178 1411
67 650
699 729
731 1479
1030 1404
346 1270
747 806
1371 1401
246 1138
189 391
1098 1265
1 328
1224 1317
90 1170
856 1301
410 1258
1143 1248
556 832
709 1217
499 727
673 1000
503 1496
528 563
340 1265
517 1142
537 1272
190 961
357 1170
878 1099
479 1388
778 1478
898 1373
589 1492
324 701
91 477
1042 1253
567 588
185 748
684 866
356 927
977 1166
253 295
231 1419
888 1110
677 697
736 1125
1279 1481
539 1288
720 1109
536 1063
941 1224
279 1040
479 1068
37 1042
297 669
610 1060
26 1000
80 115
631 1113
228 1385
1139 1298
738 1141
264 842
131 548
107 474
568 1459
957 1030
484 1309
584 964
601 869
437 880
632 1316
1164 1355
186 998
588 1112
690 1056
1320 1454
721 751
71 1187
163 957
14 440
855 968
337 1395
147 388
415 1409
727 1400
168 1028
179 483
255 782
1059 1343
84 590
500 971
25 196
703 1292
946 1323
290 1280
174 747
519 557
289 592
683 1332
148 958
650 1335
940 1009
383 863
350 832
394 1070
441 713
927 1142
544 1379
547 983
446 1439
357 419
1019 1457
1120 1145
445 895
248 1058
236 915
162 297
484 1363
308 479
564 1053
408 409
267 775
150 319
724 1025
125 597
542 626
80 470
1105 1112
606 816
99 808
1084 1229
826 1283
922 955
710 894
556 1372
65 1092
209 296
338 717
198 875
286 1317
632 1050
513 947
18 943
1081 1483
72 1465
593 642
218 1170
324 1241
403 1008
866 1087
984 1301
1126 1466
813 1109
1486 1500
140 540
830 1014
222 388
144 688
645 1142
372 1006
989 1228
846 1127
112 449
917 1043
76 342
175 239
169 575
46 604
279 828
163 405
1141 1349
254 451
72 529
461 742
97 560
185 1002
32 1094
2 1322
531 769
377 448
207 669
465 924
437 668
381 1251
845 1088
629 735
224 1326
742 1208
256 978
1057 1280
213 1284
322 959
1041 1447
76 226
666 1045
407 1066
1336 1389
1373 1390
379 1085
123 1475
538 1168
75 1254
133 352
291 677
195 384
1083 1205
1117 1159
884 935
226 556
657 684
209 1437
214 1377
216 1058
599 1408
1275 1306
154 405
273 542
99 746
835 1105
572 1109
230 1490
77 1105
678 1489
1093 1182
322 1294
813 843
36 471
281 550
1119 1175
860 1306
713 1078
202 927
202 306
463 1263
410 1285
188 516
679 1438
923 1227
882 1104
955 1356
928 1023
627 1239
412 1131
886 1252
918 1347
1237 1402
662 1082
423 1343
167 177
246 845
178 533
637 1216
62 144
269 1200
380 1062
440 1413
487 1056
367 1195
138 1263
360 1102
1105 1235
529 992
946 1296
502 659
1 205
178 1489
518 806
392 576
346 691
445 698
550 1011
838 1371
709 1094
160 419
654 670
453 1471
960 968
170 873
571 1064
99 1101
313 1118
1307 1423
284 1104
842 898
312 430
499 769
23 37
803 1386
561 1388
316 1233
631 1271
392 911
94 744
1091 1269
609 1153
497 637
604 631
731 1371
31 503
677 739
648 725
277 1380
307 387
1097 1268
235 844
10 751
388 1268
477 813
450 1410
359 1398
397 531
340 1191
979 1224
286 1455
546 1082
150 1418
60 197
152 478
1025 1274
728 865
36 89
426 715
80 327
214 1296
747 1203
1075 1307
515 902
936 1223
816 1472
1022 1363
134 1019
364 984
868 1042
852 929
884 1024
885 947
348 892
453 1205
395 535
251 676
786 1084
399 1304
251 710
1187 1262
40 1049
497 822
173 1487
191 1281
723 1430
52 571
49 1247
106 587
57 443
927 1019
376 498
668 1150
622 1265
281 1260
102 604
392 645
927 1053
205 340
50 1026
1015 1317
930 1278
783 1160
1335 1439
525 1214
27 841
174 1090
419 527
795 1439
205 1262
849 1374
785 1011
826 1155
1231 1350
272 1234
775 892
183 1178
88 533
1067 1400
634 1258
622 1115
279 986
464 824
350 627
91 758
835 1243
393 562
442 1183
452 1467
469 895
1403 1491
441 639
154 679
300 861
39 868
907 943
370 411
100 977
347 847
521 1120
2 107
234 1160
205 1146
35 235
1041 1435
282 760
816 1376
706 1293
351 1165
651 1013
220 442
238 1478
956 1278
627 761
151 338
699 1399
12 1006
586 1057
55 666
905 1146
286 588
202 915
979 1143
57 1167
105 623
193 1065
107 304
524 608
736 1421
469 949
232 742
425 1497
1213 1290
167 655
1016 1453
476 1178
169 1088
1263 1323
303 1449
1041 1489
116 1144
780 1174
292 1373
667 1487
998 1064
687 1140
570 684
122 352
443 1495
517 706
798 1002
318 1188
416 507
1035 1340
87 954
30 207
261 1227
1211 1328
412 1459
995 1284
767 1000
108 698
89 491
585 1353
586 1111
560 701
1015 1270
1119 1217
152 315
270 1171
1146 1372
360 1294
590 1259
629 1447
447 1158
1094 1317
1311 1428
228 1400
922 1202
703 802
761 1472
578 1150
618 1371
178 1026
796 1006
1298 1383
606 1262
950 1348
266 572
37 640
252 1167
512 794
541 1450
244 1041
612 1091
382 1236
344 1338
280 527
183 311
1045 1377
728 1003
517 590
373 731
173 1290
492 1345
118 224
335 977
710 724
362 655
644 709
499 1097
484 907
122 1158
429 593
343 1239
319 374
71 751
228 498
203 1253
1041 1223
279 454
679 1364
650 1350
223 906
725 1283
306 643
988 1101
1256 1496
1277 1384
1376 1391
1193 1234
1029 1245
483 664
81 107
109 840
571 1106
40 1357
1143 1366
429 928
1017 1136
1234 1247
586 675
97 220
246 771
1345 1389
159 252
436 1191
290 354
968 1340
755 1246
267 790
39 506
354 544
66 218
8 190
25 61
347 485
859 1146
176 293
477 1340
221 1075
67 1409
625 1203
621 853
237 1222
885 1139
236 644
856 1235
98 483
12 1129
1016 1241
624 968
759 943
1011 1335
586 1180
142 852
174 195
99 406
622 1423
883 973
34 285
450 831
798 1377
762 1299
480 624
454 704
224 1491
514 1165
253 884
97 240
340 748
719 1154
157 625
360 912
961 1296
417 1004
1222 1323
995 1072
90 202
663 985
539 1256
621 737
1014 1410
803 997
781 1220
500 924
79 160
357 823
784 824
267 1009
167 424
904 1471
657 980
649 854
26 968
847 1400
1049 1109
163 1376
524 581
907 931
280 281
298 874
281 715
873 1325
229 770
443 512
285 829
256 338
614 691
1021 1222
373 650
530 1052
990 1016
683 965
841 1290
1284 1349
391 622
1001 1406
234 697
939 1361
1144 1329
338 1121
242 862
201 228
31 1235
999 1240
913 1265
974 1374
382 908
494 659
400 702
945 1394
1236 1468
174 851
16 560
1147 1302
517 1014
242 1197
1004 1201
562 1175
678 1053
524 1387
680 734
893 1195
19 20
119 1357
1038 1142
170 1038
240 1031
126 834
658 983
468 1349
257 936
316 1364
571 608
819 1499
159 341
780 1332
408 547
229 368
231 1456
182 696
241 1124
838 1216
168 1016
49 436
50 836
148 155
430 1000
172 1054
956 1485
327 1120
270 373
1424 1436
892 1431
132 998
462 1370
241 1459
428 978
459 1315
901 1375
246 1365
546 1213
478 901
115 642
846 1061
981 1036
405 827
463 842
869 1416
15 987
52 988
1201 1359
33 815
94 924
616 1266
1272 1309
260 1346
300 671
822 1288
1223 1479
531 1358
433 1109
387 1499
73 420
921 1329
892 1315
408 732
984 1119
797 1422
33 364
768 800
1261 1403
1232 1389
800 895
270 1179
315 698
142 825
1245 1311
849 1170
272 894
1351 1382
421 1445
701 1163
703 844
908 977
852 1395
8 1289
363 906
666 1013
247 373
95 1153
409 715
333 1168
98 791
1345 1411
408 446
988 1293
271 1450
58 701
1190 1201
98 922
513 615
993 1364
104 1372
587 1267
72 381
272 574
375 1240
366 1466
771 875
713 847
1069 1076
278 1058
1191 1294
383 750
28 1243
1044 1210
128 133
834 1307
1338 1365
1425 1441
101 696
806 1360
1125 1415
992 1011
540 1288
46 272
105 700
996 1159
139 620
12 666
1053 1400
558 1425
169 447
461 1099
250 796
677 1274
5 1393
352 774
48 943
799 1492
900 1180
435 655
1173 1350
1288 1470
409 900
199 520
14 1303
1087 1375
84 1186
459 933
443 820
559 588
559 1340
863 1205
1260 1269
780 1455
185 253
175 1198
355 1444
221 1117
160 353
319 436
749 1283
653 990
440 896
36 1245
1273 1471
239 290
157 953
1102 1114
64 128
712 1452
72 736
689 1233
33 1190
171 1385
56 133
679 805
450 873
462 1493
678 1191
243 328
437 841
870 1292
501 554
744 1062
557 1412
1315 1399
111 1369
122 934
382 561
115 731
572 981
101 1051
347 411
992 1366
873 896
678 740
429 1325
7 638
799 1056
523 1316
789 1393
400 690
498 664
100 876
175 1252
111 1219
398 558
805 1055
212 286
12 735
300 1095
892 953
906 1419
895 1034
318 1033
378 1219
920 1065
940 1339
435 1345
1272 1282
206 1447
78 129
111 802
727 1376
109 466
124 1455
847 1161
154 462
472 759
511 1057
428 665
1048 1146
632 875
269 616
314 1220
1265 1354
360 1139
539 697
595 900
426 1154
367 1368
1085 1278
153 253
773 844
230 310
589 620
765 849
364 1457
293 886
409 654
348 579
467 1468
15 844
306 808
196 1490
1258 1342
144 1435
428 515
404 441
386 1289
505 1426
204 1000
215 455
336 1025
365 1406
73 1063
791 973
221 1036
320 933
311 1159
482 620
741 1076
794 1368
864 1251
218 1015
233 1349
320 1103
31 55
894 1154
1068 1427
1069 1350
994 1451
554 1216
738 1186
405 699
446 1469
672 1451
84 203
584 1009
1010 1092
47 482
289 957
941 1022
65 166
768 1293
885 984
326 612
245 268
500 919
1091 1496
46 750
1440 1488
60 574
1179 1283
186 626
4 227
188 307
564 1418
64 1474
35 1460
22 951
469 917
656 1078
686 850
152 399
971 1150
1005 1214
55 183
4 1183
127 499
234 1182
927 1226
292 555
853 1360
624 1153
392 852
413 1492
697 750
639 722
51 991
838 1026
790 954
139 812
815 1462
113 402
131 1472
4 1484
534 545
738 755
316 1475
318 1156
548 1155
710 808
333 725
749 1106
836 860
1243 1357
716 1258
556 1286
134 1241
227 803
187 1334
768 1478
330 1469
1162 1466
226 901
515 1294
176 527
980 1198
349 1186
1285 1463
325 934
136 471
61 682
43 1024
224 735
356 1415
948 1163
80 268
641 1073
272 335
847 964
61 1473
1107 1377
228 917
136 1393
265 1062
1023 1049
105 291
323 802
1030 1291
469 1403
1215 1294
1216 1217
446 1087
194 656
125 730
57 1005
1207 1333
1256 1299
555 1404
191 1387
616 892
918 1207
922 1224
1025 1235
797 951
47 435
149 379
640 693
167 1449
392 921
924 1070
76 305
801 1099
541 1472
684 787
202 1292
216 351
960 1313
128 661
518 1287
997 1458
765 1157
636 880
760 1251
289 1211
294 1261
25 820
36 385
657 899
154 1241
509 748
787 968
713 992
58 982
41 456
1077 1318
861 965
700 1235
333 964
1068 1400
1111 1259
436 1009
167 1333
184 1204
688 1296
1192 1498
40 103
315 994
863 981
409 846
1107 1446
552 1091
742 1477
78 792
525 758
90 170
899 1258
256 626
399 1314
56 1185
993 1495
446 1156
906 1010
403 1462
821 1414
804 888
634 1384
1098 1221
30 298
967 1263
736 1362
563 847
293 1413
951 1137
92 152
498 726
1171 1329
1249 1309
65 1260
538 981
993 1044
805 981
101 206
695 1042
1082 1299
376 1464
362 1197
554 622
693 740
479 1475
1003 1021
93 900
1258 1384
875 1144
383 1216
825 1242
642 1229
156 1442
496 759
714 793
1054 1488
632 801
359 1108
679 1086
967 1113
1325 1356
218 887
999 1208
382 1463
76 544
743 1420
491 546
1399 1497
1015 1211
488 1112
669 823
873 1143
92 827
105 1370
106 1437
238 1153
720 1400
256 981
551 889
867 897
969 985
825 1126
558 654
131 1295
1008 1453
189 702
15 906
549 1378
159 309
694 1194
561 900
756 1336
382 1347
435 704
69 977
256 1316
100 672
14 1318
130 1086
713 911
69 356
669 707
962 1117
174 703
590 1084
127 240
1133 1440
145 178
119 423
289 679
149 837
494 647
362 931
190 816
625 639
437 1341
1343 1479
493 1033
198 947
314 715
1360 1384
311 1420
869 1214
84 95
444 1093
74 1218
334 1120
345 575
1328 1425
394 1196
551 943
508 1427
765 960
6 1037
65 1465
553 1410
912 934
615 800
382 576
775 806
183 1092
355 552
742 809
617 1267
1091 1388
82 893
1161 1271
53 879
172 251
87 178
492 1471
833 1476
966 1115
1080 1202
662 1284
591 713
565 1068
163 511
1081 1269
124 800
153 1456
268 1301
696 1060
352 1008
304 787
113 614
96 1495
22 877
39 748
213 1021
641 780
800 863
241 656
949 1414
457 1486
591 883
200 1298
420 1490
208 1429
651 1378
679 704
64 163
607 1174
105 1439
1254 1333
319 1291
1152 1211
335 1438
1039 1047
499 772
109 180
110 1345
352 688
670 1095
658 986
614 782
924 1063
106 235
761 1031
995 1013
1096 1343
694 1263
135 891
165 1305
598 1114
298 611
242 919
844 951
100 741
202 829
176 1074
778 1106
258 445
1067 1499
765 1349
175 1282
1285 1355
551 677
637 1472
852 1247
331 1310
558 1228
889 1413
346 879
416 906
99 532
300 373
949 978
15 859
1071 1196
464 1258
367 932
895 1098
973 1078
610 819
297 462
820 1479
458 978
449 1204
57 931
599 777
573 1132
399 1336
555 1330
221 430
269 1437
759 919
325 1496
812 1041
1 277
71 160
15 1330
286 687
975 1128
331 573
303 592
277 947
405 1335
344 461
279 1270
865 1189
122 737
79 456
106 134
155 755
437 809
542 1122
81 137
211 958
315 905
689 1371
272 446
189 1461
650 929
690 1150
383 1243
1312 1456
642 1256
142 1202
970 1182
125 676
166 655
141 658
355 675
1374 1454
1145 1412
117 1336
219 1424
539 1402
2 1347
158 694
909 1277
77 625
968 1050
829 966
373 1116
731 1026
770 1324
486 968
1177 1200
1292 1320
154 881
791 1343
589 704
272 330
128 471
893 1321
377 677
1115 1469
412 486
68 1186
501 1328
181 1384
1202 1367
488 819
945 1069
56 1077
97 304
370 749
661 1478
603 1450
443 1478
404 525
734 787
73 361
752 1380
144 277
119 280
699 1402
293 1305
462 1195
136 937
1162 1481
962 1275
329 927
576 1452
161 1104
1012 1308
927 1256
813 1169
1131 1335
211 241
168 725
139 711
542 1191
862 1169
371 999
733 892
917 972
445 1009
718 1454
775 794
414 693
1050 1397
46 1285
493 1361
461 501
228 311
549 799
871 1223
33 155
261 473
887 1370
773 1283
199 611
12 1058
187 612
634 1330
110 377
191 616
774 1206
493 910
288 976
676 1266
1225 1286
274 531
325 833
355 880
253 1303
631 1131
1048 1469
688 1257
1135 1333
30 1200
762 1267
3 212
62 640
292 1294
1141 1162
980 1432
893 1390
665 1216
483 817
89 863
122 991
84 1127
53 135
846 1241
713 837
818 1150
530 1267
227 717
131 149
1092 1387
175 1139
48 1185
413 1125
292 974
924 1420
166 778
41 1126
544 1261
515 1247
775 1183
228 666
616 956
904 983
125 314
540 1414
1128 1179
112 1068
9 711
328 766
427 663
325 397
330 447
1323 1471
98 146
1280 1300
566 752
794 1070
1136 1475
420 426
396 1104
725 966
4 831
351 1286
1129 1238
514 697
699 700
485 1469
752 1469
533 1069
1035 1446
318 639
564 1406
345 1006
160 348
309 899
563 862
334 930
81 1367
595 957
322 821
296 1176
178 962
741 1283
1388 1442
214 419
827 1423
344 488
1360 1495
1148 1159
746 1354
658 912
57 672
309 1234
611 1418
321 1089
438 890
1202 1340
95 596
941 1025
454 872
251 585
402 817
25 734
316 1463
301 1273
966 1061
1240 1264
378 709
304 733
89 447
94 1139
140 1058
527 804
31 767
1307 1401
302 601
922 1192
476 1149
247 321
326 368
445 982
1266 1414
226 1224
566 1442
760 1054
402 1453
168 863
631 1419
315 326
458 904
147 980
1011 1072
494 1147
659 1169
1240 1313
209 868
855 1104
250 370
860 1154
486 675
42 1445
93 479
546 861
14 746
562 1008
1162 1469
591 1499
737 1348
135 386
376 1213
477 791
1197 1202
278 1273
854 1039
569 760
654 833
778 1387
44 709
875 1058
328 719
75 1156
74 1233
114 1454
763 1294
1295 1443
72 931
94 742
665 1189
262 1351
707 1091
1124 1285
494 997
758 1393
477 505
298 475
619 963
1016 1027
1210 1430
283 749
750 955
116 1339
246 276
188 248
16 1063
122 1134
318 592
565 1117
955 1088
926 1074
501 919
551 672
497 936
515 599
573 1379
401 512
67 909
233 689
360 1319
533 537
1008 1236
159 713
1077 1471
142 187
1050 1138
593 1399
610 1270
1135 1355
363 889
1099 1138
182 413
1303 1458
511 786
471 1317
814 1003
155 866
285 935
546 629
881 941
533 872
822 1155
54 1492
355 621
420 564
797 1289
637 1317
1071 1492
486 613
698 1426
214 843
496 897
22 121
194 713
556 1358
790 1230
385 414
1114 1186
334 903
278 556
1281 1387
21 258
349 472
264 766
24 1379
295 461
1317 1499
94 1262
832 1302
759 1084
257 1459
626 790
687 899
487 1458
629 871
515 784
200 746
690 980
445 935
433 792
1181 1294
853 1355
233 874
676 823
1039 1116
663 791
376 831
19 878
939 1317
999 1026
176 182
309 1372
741 936
14 1286
520 1025
305 1394
680 1141
248 647
362 1486
143 1086
820 907
636 937
1321 1361
509 1460
136 262
50 908
167 434
94 491
510 872
813 979
112 154
181 389
159 1403
734 1068
314 1469
1250 1379
710 1104
316 1150
674 1026
1213 1239
176 653
323 593
20 1450
68 1016
206 1211
123 1461
607 637
682 1013
398 1312
526 568
503 1004
31 1041
650 944
461 481
460 1310
220 406
530 1193
203 1012
920 1164
701 764
993 1416
306 1057
211 522
379 654
985 1421
891 1464
796 1435
759 818
1191 1346
627 924
276 779
762 1043
76 1338
272 796
43 864
633 1408
1076 1467
537 1115
1032 1263
576 1413
357 1013
798 1286
914 1054
196 1288
483 593
223 345
78 563
1085 1411
545 1411
245 633
271 1352
328 692
1352 1411
443 1289
465 1100
881 1481
44 61
1053 1452
79 1277
291 683
197 726
451 689
378 1236
547 641
746 945
159 1137
965 1489
763 850
619 1101
222 1404
89 1110
161 197
250 397
103 313
53 1037
240 1376
585 1351
491 603
258 1204
326 861
599 1031
471 1120
455 1172
15 1414
89 659
939 1105
797 927
349 595
1214 1265
18 431
326 1031
94 730
427 1395
1366 1386
1337 1372
329 525
80 463
163 383
103 784
193 797
581 1087
781 1115
982 1278
91 675
808 827
80 1254
137 594
350 1330
197 945
1347 1349
1129 1349
196 401
371 597
1195 1398
950 1031
590 1141
646 1200
302 1148
273 767
402 1078
33 340
1108 1500
764 793
275 1234
19 1302
192 1209
667 1253
5 1179
397 522
672 1303
248 280
52 57
545 1349
199 961
112 1029
1 1201
528 679
292 1309
762 1413
1422 1473
765 1017
248 450
193 681
606 693
136 686
351 461
659 1095
197 829
120 1359
284 693
1272 1334
414 762
230 1434
794 1201
174 644
21 1488
273 1437
376 1139
793 1443
310 508
680 1279
395 725
94 464
599 935
386 972
1105 1460
257 695
292 1159
902 1317
592 1007
336 1397
510 1015
992 1152
262 491
982 1012
641 1007
668 719
251 1167
168 809
270 753
602 874
1323 1486
362 557
834 1031
721 867
73 295
480 826
106 1112
333 708
1166 1283
855 1050
377 946
39 1344
1016 1123
399 1378
238 993
289 1295
241 597
1264 1393
43 85
60 1363
717 1054
200 1239
271 1155
136 1041
983 1262
1285 1446
1082 1159
310 693
1098 1416
724 1427
855 1385
725 1350
172 1318
96 364
426 1391
389 774
99 1210
288 1230
847 947
141 1112
299 1437
458 865
414 661
164 1467
564 1135
153 1281
62 137
624 700
431 846
143 963
95 742
115 872
346 485
199 579
671 1019
1019 1088
56 478
143 342
822 1251
734 809
203 1170
303 1100
233 1251
417 1221
136 925
421 583
139 1150
655 1351
771 1119
211 714
212 747
1130 1395
714 1124
560 1458
728 1425
402 1167
428 956
1037 1327
246 1343
495 750
187 260
91 1099
65 1344
109 927
252 1172
385 811
772 1178
554 701
281 898
157 1279
341 1359
80 402
760 1069
397 810
1366 1393
88 423
717 788
566 836
235 1327
275 906
246 892
994 1072
1095 1415
910 922
391 674
1009 1406
250 1006
119 283
378 773
157 828
862 1492
1130 1279
339 1261
71 101
584 1450
418 999
303 1154
601 1321
298 771
533 1153
215 1498
8 447
483 1256
177 337
370 1092
1064 1400
882 1001
812 1152
545 667
786 1494
803 1399
200 1478
414 565
289 913
290 946
334 1184
302 801
970 992
3 365
593 909
1344 1458
927 1463
856 1036
326 568
641 1295
25 1473
330 716
790 1225
346 588
347 621
892 1313
592 810
250 439
191 653
282 534
668 1143
83 1016
1126 1316
180 611
901 1223
1085 1303
512 1319
57 1227
471 1162
902 1290
532 1271
736 1481
544 759
532 1305
745 1399
18 1094
49 789
683 882
821 1077
398 1258
1143 1391
955 1438
98 789
600 1276
696 804
454 806
1319 1476
890 1351
98 168
357 624
44 909
1035 1264
364 1031
1210 1460
190 1235
477 540
1021 1474
652 736
220 517
63 1281
309 751
411 695
395 1368
396 1291
771 1038
298 1461
1048 1322
190 750
590 1183
90 1129
1311 1352
789 1487
259 364
319 550
59 923
289 812
249 1343
282 719
612 981
471 1216
511 1437
686 991
163 896
470 981
112 1105
258 810
1136 1347
292 1351
337 548
1051 1130
104 633
1157 1366
193 1475
386 1334
380 1028
381 951
440 1379
115 258
1 171
646 1126
493 851
620 1481
172 350
632 969
922 1010
1007 1193
663 1141
1085 1207
11 769
1031 1471
95 264
178 213
439 1005
295 1146
653 1022
745 1303
533 1242
737 1452
316 1165
330 989
660 1251
721 1360
883 1013
249 1397
867 900
440 1064
301 354
467 1431
419 1210
782 848
658 1085
26 673
1275 1307
87 782
631 786
681 1440
763 811
416 500
362 764
326 1312
424 631
380 427
225 1147
42 812
763 981
159 1302
31 1391
360 1253
362 934
1310 1354
17 304
50 356
568 715
366 461
509 1039
29 1259
646 1481
575 1232
448 1244
559 1106
763 1316
145 516
151 856
308 1258
896 1099
366 631
594 949
525 1466
95 653
96 576
67 562
254 1011
632 1494
138 478
799 938
313 818
716 1332
636 1021
751 866
1101 1258
122 1287
239 1012
238 468
322 898
535 992
44 712
903 1042
763 1200
507 935
1201 1214
692 1415
539 1030
943 1268
669 1099
379 403
424 1151
543 1178
140 1450
759 1353
743 1240
487 975
777 1016
837 1477
74 785
235 1369
994 1114
646 1045
766 940
455 906
232 489
1013 1486
41 1102
26 912
345 967
473 700
719 812
341 363
1278 1328
696 1282
77 724
910 1299
1413 1434
148 365
670 1016
516 1350
340 576
125 1110
357 481
85 268
230 527
791 1442
90 1437
648 1231
460 526
66 1473
247 1184
559 1175
406 790
895 1101
46 578
561 856
61 160
19 279
40 919
670 1317
109 1154
617 1339
1083 1363
1103 1493
255 728
527 1250
1105 1174
847 1228
371 1248
244 652
319 1028
432 736
589 1138
391 901
146 568
80 1454
4 390
95 271
884 1360
761 1389
1307 1362
82 514
647 1336
255 408
1224 1468
1438 1485
475 600
336 791
448 542
35 1007
1054 1343
72 251
1344 1384
681 1277
226 1185
122 905
597 949
945 1052
87 755
310 1023
184 793
1 780
176 976
410 958
411 1358
567 739
637 1374
699 764
656 926
739 1462
1008 1143
616 870
590 1225
516 1249
546 1021
777 1386
74 403
854 1000
180 673
1040 1403
263 1209
50 460
16 68
470 1023
28 997
1320 1469
806 949
250 836
1168 1484
76 1040
1210 1386
348 797
49 264
48 328
1304 1348
825 1321
622 1034
327 948
957 1346
109 471
960 1427
328 1015
260 703
702 1481
275 1037
59 684
184 226
73 1150
750 1081
285 556
57 382
291 1006
363 1335
489 910
188 374
595 871
709 1102
398 1034
207 1367
65 1189
941 1390
927 1123
113 789
946 1474
170 881
186 863
413 1423
693 1290
130 825
236 896
46 1152
451 561
791 1395
207 295
380 920
296 770
125 1233
14 1227
564 1170
444 667
132 1462
206 817
410 1027
47 768
166 1382
611 1012
468 911
354 714
970 1288
83 225
897 1070
704 1216
216 1305
1072 1376
342 715
906 1124
966 1310
283 308
106 1366
1097 1412
1098 1335
145 257
810 1452
104 1064
980 1265
963 1394
74 1127
297 889
423 464
930 1368
49 784
1128 1162
39 322
642 1042
41 1410
386 1110
297 1054
1102 1373
1018 1223
1263 1412
116 1199
18 1225
29 680
436 1177
549 686
148 1294
547 562
1136 1458
791 828
501 1434
95 695
127 790
974 1286
143 1081
671 1103
693 1024
1061 1074
77 1202
389 538
218 1001
1052 1334
191 668
978 1468
305 899
480 1095
206 1036
499 681
355 932
509 965
849 1183
72 1466
283 1114
272 286
1066 1150
1181 1270
590 727
213 644
331 1500
621 1174
279 1445
222 1175
237 922
924 1137
430 747
125 1268
659 1098
152 705
547 582
345 1460
850 1276
92 1276
35 529
1415 1443
15 399
60 560
854 1424
1387 1496
393 1225
1436 1496
154 1308
388 1311
692 1176
577 1441
287 360
992 1024
133 804
508 585
337 1048
422 1231
37 545
509 985
811 1444
694 988
8 565
957 1018
78 558
492 493
466 848
142 271
647 1494
1117 1155
173 1229
522 1221
1369 1408
61 823
55 1159
883 1178
228 267
288 1383
638 1133
493 1351
764 1185
997 1409
264 1131
767 789
453 1151
108 521
351 552
1240 1296
998 1188
170 553
25 116
932 1453
389 476
4 267
86 1045
379 1455
869 1047
453 666
1371 1424
19 1243
15 618
538 883
522 935
493 1031
698 889
341 1046
1200 1376
498 1448
541 1273
913 1450
325 954
155 1450
505 1200
156 553
132 479
29 1254
176 717
376 745
526 1219
34 1126
36 807
52 954
9 1438
24 221
256 1164
823 842
309 1286
170 403
1206 1375
849 1422
860 987
238 749
498 1128
848 878
268 508
573 1061
472 718
218 789
978 1256
334 701
592 1399
120 1436
336 382
236 1204
450 1221
651 1206
970 1261
767 974
548 574
56 1272
214 942
1162 1472
815 1051
266 376
1335 1366
160 420
344 390
168 580
707 793
309 350
447 545
180 715
77 1490
1025 1255
98 723
610 632
584 987
1115 1378
838 950
1459 1464
656 1303
687 998
775 1440
476 585
305 1158
260 575
538 1238
866 1342
435 606
61 892
389 996
378 611
377 887
801 1255
1063 1349
470 1235
691 1316
459 1049
645 810
162 1392
917 1332
288 967
76 631
176 451
563 818
19 526
165 1473
146 1266
808 1007
205 321
585 760
788 1047
1200 1445
267 497
759 1067
73 1362
587 952
316 463
793 953
647 1447
183 203
348 1344
623 828
409 1487
32 107
484 765
681 1388
208 370
115 813
127 1433
546 1418
1006 1238
161 732
733 1102
514 702
953 1294
15 1158
810 1193
150 1167
382 813
481 710
741 1123
68 77
11 737
454 1163
100 172
631 1040
331 537
159 1352
934 1257
443 1087
816 1187
272 895
169 263
495 691
132 432
510 1025
549 1213
151 770
1090 1416
696 1462
107 566
51 984
601 927
904 1144
66 76
865 1323
29 1343
1132 1352
904 1178
45 193
46 593
375 455
278 928
19 294
655 1142
1255 1493
1059 1270
813 1467
626 1128
398 844
313 771
430 939
36 1095
199 671
143 1089
400 656
480 972
1 945
1265 1436
7 1395
333 888
1002 1479
352 1260
1261 1492
25 1079
487 1345
569 716
275 1318
86 567
43 396
176 1442
559 1074
288 585
678 1211
291 1321
62 734
1201 1332
23 292
355 523
600 1367
685 1440
339 1052
41 885
224 277
226 1365
798 983
358 638
428 631
403 1386
189 237
962 1103
473 1269
895 1335
312 889
981 1475
539 1449
513 874
284 942
616 885
127 1051
977 1497
904 912
141 220
931 957
807 1338
761 1453
622 1369
1106 1297
163 817
423 1196
134 148
193 576
26 1166
335 788
84 906
521 549
803 1394
51 1019
728 950
245 1422
1099 1259
51 1053
505 1358
100 542
473 1119
192 823
265 454
148 1405
753 1007
534 607
164 255
741 1042
428 685
200 1153
258 416
42 63
645 783
864 1183
1093 1259
201 455
188 389
1138 1420
453 708
205 294
7 1464
711 1440
722 1005
265 789
22 1033
626 746
671 1350
452 950
296 1270
228 1435
15 1451
1005 1296
647 1420
171 1440
1291 1354
163 216
757 874
352 1465
999 1016
496 1358
26 1351
787 1432
630 1064
241 361
1141 1325
326 1233
513 1394
86 185
663 1082
1211 1344
166 1397
194 723
80 636
49 1250
657 946
1416 1477
215 776
533 1183
331 1296
819 1241
79 427
680 811
1298 1433
254 767
715 987
496 587
295 1388
1 583
1455 1494
403 519
436 1192
758 1467
233 1049
570 1375
768 1279
138 1190
351 1284
110 934
264 1242
140 250
95 875
44 434
446 548
287 976
652 916
202 248
1428 1496
435 949
534 846
348 430
1200 1322
20 635
470 1447
539 917
139 1283
100 330
1102 1238
457 925
1192 1361
426 1374
433 1438
145 1078
198 435
385 774
140 1342
16 822
187 393
466 979
749 956
283 1299
37 89
482 1126
726 1392
469 617
872 1097
3 449
673 683
778 996
54 125
415 737
184 194
667 990
317 907
350 1402
823 1123
770 1179
757 1278
339 1360
80 84
44 1274
257 1368
692 1191
458 1353
480 509
215 224
1008 1330
894 1243
1192 1410
986 1047
19 787
351 1018
742 1389
713 1375
639 757
242 693
81 963
976 1371
745 828
329 447
228 903
131 687
16 842
457 1144
1035 1178
53 1493
321 1107
866 1322
92 1175
149 515
77 985
279 859
416 1131
77 330
101 438
482 1180
492 1464
1283 1482
821 1326
306 1048
937 1094
379 1300
350 1286
223 656
486 1294
1186 1300
770 1029
926 1018
141 698
372 586
1261 1330
1019 1222
701 925
908 1394
218 299
881 1205
30 346
606 1066
165 798
962 1295
6 749
21 318
255 300
1073 1437
915 1146
645 1057
311 812
991 1479
87 1297
1352 1436
745 1498
44 838
928 1204
80 439
1018 1327
681 713
945 1109
201 899
1150 1208
217 260
882 1455
334 1468
156 937
417 487
793 1399
1354 1452
91 1471
420 1333
909 1167
699 1442
740 1311
392 1242
1068 1250
410 1180
238 1065
760 1407
487 1271
947 1091
946 1477
275 1244
660 1165
245 542
331 682
8 1270
321 1006
355 1070
210 1288
972 1292
24 285
1426 1487
693 842
14 1264
219 577
60 528
192 244
146 359
254 1041
433 1105
464 800
136 861
728 1196
585 1260
1087 1472
275 1094
470 629
231 235
519 595
651 1275
1048 1339
409 1167
259 1002
623 1328
939 1014
6 818
335 680
190 898
742 1177
67 927
1015 1347
193 502
728 1497
684 1293
544 796
430 1351
964 1181
833 1223
505 1284
1054 1304
15 872
219 1082
1316 1398
610 1453
336 917
324 774
553 740
11 1203
1003 1172
899 1259
555 1207
884 1069
104 1407
758 839
370 858
292 849
237 459
594 1164
208 555
1037 1147
1097 1333
452 1497
499 1305
411 897
241 1393
82 524
1046 1057
434 1383
222 1047
352 1391
210 571
77 167
183 1024
1178 1252
831 941
369 675
386 546
283 1321
803 850
1308 1321
614 864
475 780
171 294
1071 1428
740 1230
193 891
405 1062
640 967
365 828
439 838
93 450
88 1335
1208 1215
1077 1257
448 892
737 1319
218 306
233 1392
1093 1370
3 20
235 963
152 1048
1156 1160
137 203
915 1119
27 775
1303 1409
613 969
36 1445
268 981
701 1233
830 1067
936 1138
677 1159
975 1326
184 1308
373 1328
1263 1353
982 1057
259 1241
88 1049
292 748
4 755
1084 1166
155 987
975 1496
313 1422
439 722
266 849
746 943
445 517
1023 1227
277 1480
507 1335
106 536
365 882
208 1279
350 692
122 1270
481 794
210 305
540 1222
571 917
523 696
149 872
1318 1483
569 615
258 547
157 1003
1236 1491
774 1335
834 1411
527 844
128 334
747 1002
517 1037
519 718
287 417
488 1332
961 1053
826 939
101 179
583 1217
479 662
455 1340
387 1138
51 282
1287 1337
252 1197
11 370
627 656
198 531
502 1148
1034 1187
185 774
1366 1418
835 1027
390 632
478 1074
17 21
839 1141
595 1386
383 1325
666 1302
484 903
485 1413
199 624
279 314
94 1063
666 681
870 891
342 725
53 1084
246 432
271 463
261 656
230 340
30 422
18 279
203 1414
623 680
80 146
769 862
329 994
956 1023
1045 1223
778 1393
16 1423
752 1127
376 802
594 836
1393 1457
1096 1213
234 624
247 1167
254 898
238 1427
609 1191
157 1358
517 1392
71 1383
140 211
649 1451
490 1224
505 971
361 947
596 852
996 997
498 1389
52 1346
1125 1418
371 1401
815 1108
442 1317
659 1428
329 878
1 1049
1005 1195
55 164
676 678
834 1480
72 821
777 1485
1012 1424
297 1084
209 642
442 866
413 852
571 1287
428 1186
414 644
1004 1463
271 818
272 466
86 1457
320 1439
516 897
90 819
746 896
494 1091
210 1500
377 944
539 597
310 1142
222 700
411 720
27 1199
729 1161
1133 1399
295 331
255 862
244 1441
184 325
694 1488
491 1311
646 1267
1311 1377
43 214
347 1486
722 958
173 283
406 507
153 944
156 1169
813 1135
53 1289
200 752
873 1355
16 1458
451 1281
379 475
382 1355
37 890
899 1301
354 643
1279 1465
191 1203
461 637
213 223
127 869
765 1254
818 1266
1207 1314
723 731
13 161
564 682
247 785
671 1153
63 1457
840 1043
36 516
558 1133
1289 1442
452 918
11 173
473 806
328 1299
685 1142
189 1215
348 499
504 1253
603 1150
719 918
31 159
388 754
564 983
867 925
133 247
525 1306
45 114
293 1005
113 287
571 1225
857 1249
789 1081
511 895
471 1426
715 1105
139 862
1166 1185
419 1405
993 1456
480 859
464 746
620 735
47 751
191 1252
1059 1327
657 880
299 1004
156 903
796 1475
135 1049
130 527
400 747
262 1029
922 1089
119 451
121 132
1182 1468
1167 1278
1338 1457
254 1322
352 531
116 1012
367 755
731 1081
459 1311
69 1374
901 1371
255 1135
12 758
951 1404
15 197
231 1302
809 1226
398 1372
835 1015
241 1004
111 1446
284 664
120 675
501 1417
575 772
559 1301
117 1275
1118 1128
233 1153
371 583
1149 1499
327 379
1240 1380
753 1214
121 802
336 577
120 224
1126 1314
598 1292
86 1095
1070 1077
264 759
1070 1111
284 378
775 1300
532 648
202 1172
31 228
1124 1182
380 807
151 765
1241 1460
153 1198
1173 1292
629 1034
517 628
316 1429
1063 1243
232 349
175 388
277 654
652 768
721 1003
145 760
842 1298
899 1390
1118 1182
531 1374
338 1371
470 644
690 1444
1062 1144
372 704
1239 1498
36 605
233 751
865 1163
47 335
337 376
599 1091
698 988
585 824
25 419
914 1163
79 464
746 1340
1193 1306
657 1284
619 875
207 988
287 678
351 535
341 1480
710 811
93 1066
739 1302
153 1417
987 1095
200 439
1024 1240
448 887
747 812
175 1228
433 519
438 1211
969 1437
669 824
585 674
152 1009
655 667
235 958
179 1376
759 981
353 517
762 1172
789 884
780 1000
676 720
320 525
234 1171
636 664
635 1383
251 455
373 1459
1365 1462
132 1418
133 1176
92 542
176 1001
740 1245
481 1376
453 1285
396 538
405 456
11 1403
197 1054
24 539
82 389
269 728
1061 1146
544 579
474 1338
102 553
1221 1262
290 1402
200 624
539 809
164 1172
577 741
593 1331
138 796
63 242
772 1033
195 922
582 1289
254 1460
197 603
256 1031
1132 1232
555 956
1144 1197
493 583
272 1144
261 282
217 1485
44 205
263 1404
50 1310
521 695
469 1295
180 247
65 879
813 1381
175 341
899 1212
395 499
313 1437
64 1265
92 591
682 1245
40 1013
741 1052
974 1276
357 910
978 1424
408 1487
335 1269
150 645
654 703
1019 1429
30 1174
454 641
1005 1272
59 258
15 1461
402 586
393 846
928 1076
282 840
148 513
769 1027
307 871
617 1152
610 800
928 1241
476 1408
139 904
255 672
448 1427
832 982
99 1469
573 1113
464 1409
590 984
160 923
925 1296
828 970
160 957
1056 1288
410 1052
1240 1368
267 951
393 526
1114 1172
987 1184
122 548
1 258
1047 1404
692 1132
29 370
401 547
132 1036
76 1454
868 1395
1098 1360
821 932
235 1047
568 1403
427 1258
45 1418
328 1395
1061 1385
684 1446
1148 1283
231 558
15 894
85 1052
450 992
421 978
280 558
552 1080
1189 1432
653 658
1029 1460
744 1181
679 1089
1247 1316
970 1197
689 901
457 600
1030 1383
719 1315
1252 1421
27 573
215 1422
278 1212
133 1430
1273 1440
692 1147
801 1477
707 729
467 577
1029 1174
790 1435
113 849
522 1027
1323 1363
639 1339
407 1038
306 1494
120 470
435 508
894 1369
700 827
1057 1422
65 798
1185 1477
310 1021
1305 1359
167 920
83 770
371 1130
590 922
1177 1482
87 132
936 1441
967 1136
1137 1392
636 938
351 1314
581 1169
439 826
180 1122
355 676
673 1450
109 585
410 1121
1003 1379
772 836
505 1006
40 481
441 672
385 1255
1253 1364
703 766
541 1249
1058 1208
369 1168
9 623
225 1453
1429 1483
387 1106
515 1494
728 933
487 892
406 1478
539 1117
652 660
484 837
545 946
281 1061
284 1430
126 340
198 669
287 856
318 551
157 821
100 1481
1 963
466 558
279 418
649 914
296 1088
543 814
149 860
125 896
146 635
281 1362
689 1140
631 1112
671 1333
289 1493
181 478
1017 1100
521 1173
149 1030
202 497
91 1146
294 301
494 1005
325 1149
973 1066
801 1226
45 920
140 800
212 474
70 1428
72 1109
421 1101
449 537
721 949
906 952
329 676
440 1439
1081 1292
76 602
150 1254
1289 1341
338 696
43 133
514 959
2 10
1335 1391
477 819
87 1157
189 1245
564 882
64 186
491 1429
714 1191
251 347
67 301
156 1253
1160 1365
26 1218
486 1038
430 1346
287 1245
340 1367
154 951
44 116
480 1379
99 671
546 637
136 1458
996 1436
325 548
670 1322
783 831
987 1041
1174 1380
298 1289
595 768
417 1138
559 695
75 146
503 657
320 335
61 466
195 1435
806 1351
207 648
205 312
491 658
523 1408
203 665
178 943
371 768
368 1473
455 1227
230 1134
292 524
476 494
664 1343
279 657
968 1208
492 1228
622 820
1238 1394
553 1337
868 932
120 1229
205 1302
23 248
169 1195
56 1031
338 1085
260 1241
1031 1129
1002 1115
1055 1237
140 1490
719 1172
690 1158
268 471
355 1265
759 1393
1138 1157
616 1292
416 444
1240 1279
237 1090
970 1190
797 1351
496 925
300 1488
288 1046
1140 1173
43 236
652 1084
230 397
724 758
742 1241
309 444
457 962
1377 1401
1409 1496
51 1009
988 1319
761 958
55 1123
132 593
399 457
1308 1331
1279 1317
265 410
66 892
624 686
798 959
821 1309
67 1292
10 545
32 972
81 461
930 984
327 1084
87 290
45 1174
463 1126
1005 1082
926 1171
21 956
435 1001
168 529
494 1429
470 1465
815 1165
1331 1366
36 635
154 739
568 674
352 1285
527 839
295 538
167 627
1000 1202
231 1105
817 1011
1172 1453
835 949
423 585
393 923
8 1369
535 1135
435 550
103 1393
585 1024
674 1224
986 1215
149 547
572 992
501 1385
1164 1492
143 212
14 577
272 1309
1080 1198
458 1070
865 912
567 745
292 928
583 892
538 765
296 1076
152 942
25 954
249 503
330 852
1424 1454
303 553
794 1475
278 653
150 776
394 1207
81 850
41 1381
410 712
308 480
658 982
303 1475
72 932
115 1412
1422 1466
154 303
401 828
228 955
292 778
246 893
37 161
1329 1419
595 741
444 1444
173 1466
201 1067
716 1345
527 1359
558 1054
748 1440
56 1319
518 1475
144 354
690 1412
745 1215
1110 1189
696 1241
363 754
970 1444
875 943
1163 1303
647 1411
189 1272
591 1098
1095 1266
403 1145
1352 1488
475 709
525 1363
207 301
468 1402
714 762
337 679
358 567
627 720
117 492
442 1026
432 1219
200 1028
88 1264
1064 1120
317 863
403 694
518 704
57 306
1170 1390
567 1469
780 798
1098 1205
839 1336
984 1118
543 740
929 1349
442 541
317 1033
373 1092
790 1396
361 1093
1068 1438
292 1167
29 1171
1054 1171
507 832
565 1337
5 1207
392 1464
231 437
411 1016
327 1343
582 587
528 1328
108 322
109 245
572 911
386 1184
715 1046
1132 1350
822 1040
460 539
840 1489
165 584
372 1163
1081 1218
164 218
781 1192
215 1272
342 605
1290 1300
502 611
81 1254
197 1022
661 969
196 444
160 992
219 1420
104 168
1 943
678 874
147 1235
228 573
764 1491
389 612
1343 1482
626 675
396 710
651 706
709 1211
499 721
25 422
733 1489
931 1071
177 1198
606 1357
639 733
807 865
998 1009
624 1295
280 1243
929 1083
1112 1240
207 1025
81 318
431 1475
39 1202
1362 1369
661 1474
817 1188
510 621
1205 1478
542 716
746 926
621 1418
189 269
280 792
871 1369
716 1468
67 863
1016 1316
820 1093
218 1095
1036 1268
144 1229
1123 1166
781 795
79 1142
657 1176
454 1400
597 846
541 1429
222 444
1045 1322
717 1383
341 581
857 1259
62 1407
171 181
691 1151
419 1381
102 1007
575 728
837 1443
277 1347
738 815
813 1500
195 590
717 932
637 650
616 767
28 1311
914 934
260 847
1093 1257
2 626
104 892
806 1297
1053 1167
666 834
339 1405
197 1227
307 689
239 377
387 1005
255 359
285 773
27 827
887 1080
170 273
342 1009
660 1306
288 521
48 846
66 1439
452 1118
49 913
467 865
5 709
32 112
118 218
221 884
579 760
838 1106
849 1462
268 1169
942 1053
1093 1107
159 1187
393 1169
62 971
5 258
423 962
431 1093
569 1288
1420 1492
620 935
719 832
46 263
208 846
1029 1278
364 835
896 984
166 323
324 1400
1397 1472
1085 1481
1405 1459
744 1033
916 970
474 944
904 1149
864 915
574 1385
200 264
502 1200
1211 1226
969 1262
871 1288
757 1091
1174 1395
555 562
1427 1435
543 1383
486 636
1072 1273
70 842
503 1293
1289 1405
160 344
633 741
653 981
182 941
992 1017
174 189
126 594
200 1356
408 957
1015 1372
112 948
201 692
954 1399
677 1246
136 1357
696 832
421 1015
496 1391
220 409
66 853
197 1500
89 928
627 1383
255 1350
42 1256
23 1049
1087 1347
259 712
759 1442
688 871
383 640
962 1074
818 1215
300 1367
530 1332
747 1443
551 1220
564 631
359 532
642 1410
1256 1263
267 1008
325 748
427 1014
827 1269
127 367
27 746
1179 1486
305 966
478 826
1009 1052
1356 1397
805 1041
597 1474
722 1126
493 1194
943 1207
799 1348
1099 1196
41 706
906 1376
444 1220
540 858
932 1165
296 736
390 554
272 1139
241 312
33 745
460 581
660 774
936 1313
961 1344
939 1394
720 994
1222 1371
75 681
50 1436
898 904
365 1474
596 754
547 1435
14 742
932 1500
90 1041
115 1072
38 195
678 916
1150 1356
219 841
280 950
139 530
74 438
8 1214
108 869
438 654
611 1279
122 1445
298 922
414 1167
654 829
146 793
118 812
922 1373
1082 1379
322 1056
1053 1475
435 565
449 1141
611 828
784 1343
94 903
1178 1331
831 1020
170 1236
11 1297
521 1496
677 733
1134 1258
574 853
664 976
221 1027
279 290
408 1366
57 1038
43 771
60 642
969 1351
52 516
149 1484
651 1253
225 1175
469 854
133 750
621 975
102 1369
821 893
70 1096
459 557
861 1148
91 363
412 1029
209 1253
296 640
64 339
943 1276
98 770
703 993
98 901
90 775
218 1438
717 838
153 1351
8 162
438 1009
181 821
22 117
1231 1494
1117 1407
642 742
658 1332
128 864
130 545
106 581
129 1408
363 1390
49 1275
376 526
133 770
475 1175
204 686
208 703
870 1086
221 591
1274 1324
554 1222
499 1453
1048 1473
518 1039
28 150
53 624
258 757
145 428
162 333
587 1130
867 997
738 741
6 1151
296 859
310 361
992 1461
341 842
348 906
432 613
350 1373
669 1428
163 591
869 1013
264 1398
798 1228
442 556
139 483
311 1384
57 491
274 1244
199 213
893 1147
628 1137
116 298
561 1335
1067 1074
75 450
1328 1423
409 1384
863 898
968 1211
151 1438
133 989
65 677
378 1178
284 1221
857 1239
541 788
455 1434
275 826
227 605
575 674
589 865
173 594
728 1093
777 1059
548 1127
191 1174
233 468
136 142
394 840
367 1162
224 1061
810 1255
280 787
684 1025
587 699
474 535
562 977
11 765
530 738
332 501
70 263
752 886
120 951
62 446
361 371
35 113
93 618
465 960
135 520
79 1103
126 670
288 1219
517 1185
158 254
791 1388
261 920
492 1319
376 896
766 867
1275 1342
414 1475
799 919
173 1400
225 357
375 556
345 894
346 1294
289 547
502 641
88 1348
409 1084
581 1233
648 857
195 1376
1154 1361
6 1390
266 1017
37 1085
496 982
796 830
640 1150
1375 1476
1044 1278
700 1226
488 1165
856 1325
211 737
39 145
483 604
685 1167
594 1401
158 890
272 1011
64 967
652 1175
149 385
278 806
684 1380
76 277
294 311
944 1316
1234 1357
68 460
446 943
631 671
1162 1172
1366 1382
232 305
580 1160
60 499
217 901
234 772
631 836
403 662
613 1322
893 930
770 1069
538 768
974 1279
294 646
373 439
323 1163
703 1466
797 807
163 1466
263 1121
527 896
763 1201
71 1080
311 852
441 921
287 600
89 1495
648 1212
300 1143
529 742
78 1419
823 897
523 1083
108 460
468 1424
195 489
41 967
772 1386
1006 1258
53 932
1436 1450
1382 1439
1223 1500
990 1276
663 1095
877 1112
836 989
89 1209
251 862
1114 1209
496 1051
513 956
572 1384
974 1498
228 677
645 981
1160 1259
1364 1469
1033 1271
243 246
246 615
694 981
276 1063
73 776
5 574
191 225
806 910
142 1016
653 1277
974 1047
891 1297
2 375
170 507
492 1408
661 821
623 1033
534 1310
720 1105
135 978
388 1154
645 1486
443 957
271 365
176 1127
315 1355
145 169
1069 1233
691 784
336 622
578 1097
703 749
881 1314
983 1258
666 884
1286 1475
611 1225
80 834
75 341
219 952
380 716
883 1016
769 929
42 315
226 395
270 633
1306 1495
816 1358
533 1415
859 908
272 1100
243 1086
1039 1154
979 1445
460 542
722 1257
219 501
308 591
540 1023
469 1416
381 974
180 368
874 1302
56 1226
328 341
531 628
888 1257
675 1163
416 1294
723 729
146 453
850 1469
691 1420
504 1115
1056 1394
324 397
94 1184
295 1135
28 663
212 743
687 1442
1171 1370
590 605
706 1159
390 433
133 1031
309 508
266 670
66 752
185 1366
1373 1448
122 955
790 1002
947 1404
240 404
174 1180
1035 1191
92 1188
185 779
30 58
428 1287
535 1281
91 644
305 661
797 1231
986 1361
35 606
151 374
169 1444
221 401
424 1440
445 1328
431 1061
758 1064
196 535
649 917
386 921
44 1336
266 554
144 1402
420 1011
277 433
363 1050
647 950
722 1326
940 1360
292 788
536 944
972 1455
8 157
713 821
9 224
559 1299
644 861
290 1277
749 1208
1049 1056
197 1099
177 969
798 1208
1261 1397
92 131
258 1208
710 1075
470 1413
224 1288
66 520
1245 1305
14 942
864 1388
500 1206
303 1369
307 731
664 1326
895 939
34 1072
858 1218
19 869
282 865
615 1496
612 1127
1377 1500
688 1460
300 515
772 1277
25 698
327 882
173 1326
159 404
19 1039
660 892
1068 1147
1239 1326
240 1264
900 1324
366 839
107 860
197 983
495 1150
986 1464
1158 1401
38 114
509 796
300 1471
892 1329
200 1208
802 1240
312 993
474 646
389 573
44 1240
992 1005
143 592
695 871
393 1376
409 559
884 1368
938 1413
657 1117
408 945
281 682
224 1342
253 701
193 549
558 633
443 1265
169 407
734 1229
688 1344
372 1003
55 354
431 1431
1039 1127
20 170
708 963
977 1116
5 766
371 1106
625 1069
688 859
374 854
1272 1372
38 1405
847 1217
384 1138
500 906
599 803
243 608
743 1448
878 1423
503 544
393 1226
1239 1380
1293 1425
438 1209
311 613
64 122
26 334
327 1237
266 473
472 1019
971 1137
1005 1201
40 1277
302 585
990 1488
426 623
1267 1295
185 548
537 1276
329 1083
648 1138
250 1460
239 1240
105 913
751 1293
268 358
686 1172
139 833
294 422
846 1178
129 405
1181 1490
48 336
136 778
393 1110
724 1130
131 251
25 151
26 218
770 1180
417 1244
80 740
415 908
60 1401
618 1195
522 936
865 1099
593 1329
740 792
870 1136
334 362
9 1269
1099 1102
984 1367
280 351
222 323
1316 1344
562 1327
70 1234
284 1251
258 1496
286 932
678 1239
1135 1489
1222 1243
502 1141
851 1133
1132 1400
1340 1478
1158 1189
696 923
513 1353
643 945
958 983
1019 1092
1046 1459
202 1463
662 1283
916 1246
848 1044
818 1272
404 1371
858 885
106 1335
183 1426
1359 1365
115 459
313 363
602 646
1032 1328
433 1377
623 1464
362 1149
563 1100
164 1389
234 1272
672 809
337 1283
260 1197
501 617
444 1311
557 820
240 446
318 1081
860 1037
86 780
1362 1414
592 1284
62 816
730 1479
617 1315
967 1065
428 1329
14 629
1038 1348
202 1478
171 376
232 485
362 1484
593 1097
178 749
723 1441
367 1246
424 696
291 292
53 311
125 805
142 676
26 908
614 1116
225 1212
416 1356
303 1192
747 899
200 560
334 887
184 1089
274 1212
604 997
433 640
633 833
395 852
864 1410
265 817
94 1280
722 1067
194 280
78 1264
1075 1173
8 650
435 486
275 1415
729 819
342 1039
633 1003
186 319
199 1137
287 649
202 576
308 1289
762 803
333 1320
114 920
812 1491
394 808
168 970
1130 1167
484 931
583 828
454 994
130 451
130 1203
88 680
735 949
677 921
147 1252
490 616
854 942
356 1224
625 1377
79 1071
1363 1417
468 1119
326 941
230 373
458 691
317 1201
301 323
1 1227
782 1438
578 607
1197 1440
697 744
1055 1097
37 1470
1132 1353
253 893
25 1361
13 1362
97 1069
589 984
229 1094
131 190
1038 1383
218 908
953 1344
490 500
453 1290
956 1425
746 1079
270 1099
787 1058
485 908
302 1228
430 484
73 641
90 546
239 1097
771 1246
68 263
569 717
77 789
812 1225
594 748
752 1073
35 266
386 416
295 679
112 1109
554 692
948 1288
128 1256
382 577
661 686
216 291
635 1408
780 1190
502 1114
365 1319
940 1437
613 1256
521 1486
242 250
157 819
1105 1239
804 813
633 1276
1175 1232
84 601
1032 1131
301 1464
792 979
31 1375
134 1289
574 979
549 982
425 1363
318 714
149 237
355 893
942 1453
1127 1181
240 870
258 1353
1029 1241
877 1366
15 811
890 1288
223 1169
250 847
640 1473
1014 1187
349 744
1026 1152
516 814
29 1413
97 318
1129 1163
474 1043
488 867
528 813
803 939
377 861
31 473
1297 1300
393 1118
235 717
841 1484
680 1243
1084 1371
481 1450
1040 1167
10 1410
629 1313
661 1041
708 1360
760 794
87 1155
432 855
1078 1091
189 1243
518 995
339 1442
452 951
511 1379
178 1057
74 502
366 499
560 902
386 1106
386 1140
299 731
462 928
344 714
390 1288
290 370
705 1470
133 445
535 559
143 286
326 1234
94 933
567 654
17 56
39 1274
472 1416
457 1226
1173 1455
170 1266
372 498
40 301
371 1251
16 1089
10 18
14 787
849 1043
377 1080
79 258
298 836
772 957
93 690
397 555
1057 1257
401 1324
972 1184
434 1342
792 1252
18 1105
763 1238
359 932
1066 1277
1070 1294
915 1359
454 851
431 810
828 874
701 721
693 904
375 1249
682 1305
738 921
103 250
111 237
18 819
886 894
413 1173
494 621
839 1395
512 1214
744 750
471 1057
450 697
1045 1142
835 1417
129 1472
121 214
164 1281
536 1348
135 646
642 1073
1075 1249
168 808
529 1420
776 1146
990 998
851 1079
1394 1435
172 846
173 604
1 1419
665 1284
31 426
518 613
231 1418
383 1264
295 822
78 855
240 542
1178 1430
690 1341
111 252
445 1296
114 1098
1028 1121
1118 1244
190 1431
75 179
567 893
580 1436
232 1367
34 200
227 955
1256 1431
255 281
848 1325
690 924
952 984
1393 1396
234 563
248 1173
567 1228
422 791
412 541
759 1329
631 1418
742 803
260 1308
414 1451
415 1374
128 662
43 589
342 514
447 827
631 797
272 1273
905 1000
178 1350
966 1109
15 1119
824 965
641 1395
239 838
449 673
68 1411
338 1322
452 754
192 1161
487 1252
16 1212
158 735
558 1168
54 345
1163 1281
102 697
500 519
348 534
840 1248
80 925
192 676
199 297
1156 1353
602 811
1006 1049
356 830
270 1476
1266 1462
546 1360
549 689
473 1142
596 641
967 1060
1410 1486
880 1018
253 334
223 1361
753 1064
486 592
1104 1358
111 976
100 114
787 984
748 1438
864 1206
966 1294
723 820
595 909
3 718
291 1078
91 982
1130 1448
197 500
508 1320
312 1097
1043 1073
389 711
1168 1406
1141 1183
321 1041
565 830
480 1399
1060 1114
1145 1187
872 1051
182 611
1308 1418
686 1290
416 449
30 115
330 1370
1 101
735 779
74 830
58 227
808 887
151 431
626 1240
423 987
25 235
172 1105
454 1159
167 1199
69 1225
1290 1448
630 1422
824 1170
303 586
235 274
681 1069
532 552
362 1048
410 614
381 600
63 945
699 1041
425 969
242 647
688 1332
99 546
111 1331
337 561
935 1202
757 946
128 581
679 937
576 1057
387 594
1190 1232
446 1022
417 1008
363 1107
647 1007
241 1059
48 1056
105 396
957 1288
307 1069
48 1090
629 1205
95 112
486 661
342 637
690 693
134 580
918 1011
558 1121
159 611
450 1340
549 1059
707 1494
1469 1498
281 1340
378 1011
94 1310
500 1229
911 1117
1017 1078
674 1059
376 714
218 588
579 1310
947 1360
477 1078
64 1066
883 1196
553 756
526 1353
440 592
1145 1256
733 1002
239 1427
1365 1448
424 1265
887 1344
327 939
338 504
563 1354
143 348
618 1047
520 1073
473 610
466 1172
15 471
506 1393
307 1123
122 465
207 538
419 908
842 1353
207 572
623 1228
6 1373
407 765
683 1304
7 1406
567 881
1133 1461
991 1283
1195 1493
634 1474
143 1304
271 560
70 1086
3 807
446 756
458 1376
75 371
316 1198
940 1151
336 1472
91 1105
93 786
69 1464
985 1134
497 1223
29 622
1160 1474
978 1075
700 889
132 1288
56 334
865 1388
1066 1373
579 743
260 1330
117 1229
377 856
29 787
1108 1309
335 1085
495 1091
67 711
113 630
516 1110
531 692
794 1330
719 776
434 1152
1080 1388
264 718
552 745
466 1391
568 1335
236 771
138 797
227 997
1241 1283
423 455
1132 1136
627 1142
513 1055
12 601
1058 1270
1028 1333
312 449
241 842
1262 1302
486 1031
248 1050
27 204
707 981
465 1148
1141 1156
736 982
88 1099
781 978
535 1175
349 759
267 1422
856 911
383 535
495 975
928 1227
757 1035
389 1019
230 1447
571 797
119 964
90 295
1126 1157
3 575
1187 1266
1269 1402
204 526
89 1158
123 1112
582 1009
1143 1193
68 832
973 1414
814 1475
629 707
601 726
8 502
128 1039
1335 1438
1111 1268
276 1046
131 1264
361 1229
378 1134
308 486
886 1209
943 1301
168 788
503 956
704 941
261 992
154 343
508 862
48 277
506 560
523 1217
814 1325
154 1299
1150 1285
128 889
991 1236
450 1313
811 1270
633 739
1282 1344
463 1235
548 1418
492 1071
120 286
923 1199
250 630
204 745
11 891
311 739
573 1454
558 1264
26 460
685 1239
296 1335
748 1029
520 1497
820 1345
217 1424
291 635
821 1137
280 1214
104 639
1471 1487
247 1217
420 435
695 1216
74 702
731 1294
456 547
1026 1236
946 1103
903 1265
972 1500
12 219
66 264
1158 1295
849 908
1093 1174
277 1468
669 1453
594 1187
163 616
1215 1426
998 1349
125 862
441 658
560 1437
1004 1144
1445 1446
1082 1158
623 1371
947 1217
591 1022
188 1294
662 938
1095 1190
440 1070
224 751
322 1000
32 1436
886 1244
1169 1221
625 963
377 1450
807 890
231 647
416 1127
79 1448
628 1468
105 438
468 1496
1226 1483
723 1382
212 1231
1485 1496
153 1445
351 1349
469 798
312 873
384 1202
516 1083
744 1401
3 1285
555 1415
5 345
147 1309
1236 1494
174 877
1064 1379
738 1121
369 383
280 982
1041 1338
78 453
147 688
19 667
177 1102
1171 1407
496 1157
71 1002
1433 1467
267 570
1022 1136
488 1340
340 1299
873 1371
874 1019
57 1356
606 611
445 991
1111 1357
566 699
287 590
479 1422
619 821
907 1181
63 1041
147 858
81 979
24 232
49 263
452 468
407 506
1026 1174
138 1105
167 189
125 596
18 1359
61 1019
244 1341
674 781
451 880
490 1178
61 1053
634 1346
1085 1117
294 656
418 1027
596 937
1074 1075
1303 1316
86 1110
501 1078
715 820
661 1194
1246 1355
273 938
791 1263
90 1258
968 1140
574 1186
274 683
15 814
178 424
1434 1444
96 1087
1156 1368
997 1319
195 329
755 1211
985 1210
29 664
128 561
1046 1319
584 1163
149 1201
1104 1169
17 1451
16 286
721 950
568 1076
571 790
611 1011
199 647
81 543
128 1483
415 1477
223 755
514 1484
512 1148
561 1148
1191 1436
1395 1481
172 479
993 1021
91 245
993 1055
304 981
147 1378
1388 1409
442 704
53 1277
815 1281
603 1220
672 1455
443 1248
763 1226
228 852
662 1027
174 1116
204 233
33 696
134 274
239 587
897 1443
561 862
1227 1338
1113 1141
50 1353
380 973
266 776
240 1131
267 809
596 671
674 1306
715 1175
385 1044
891 1438
362 728
299 317
119 1006
1239 1363
122 1231
926 1137
570 942
1060 1498
297 806
228 1323
673 953
454 553
325 918
1090 1291
1197 1285
158 853
33 546
287 509
22 1125
13 450
310 1485
245 1393
611 614
94 689
1241 1379
1144 1163
151 781
1401 1495
81 932
436 439
407 425
728 926
628 1305
415 1211
354 447
271 1462
732 930
71 504
170 1153
414 1419
41 221
362 1364
761 1109
579 854
219 642
464 1486
94 990
131 200
592 742
897 973
783 886
123 383
1146 1179
126 1119
272 1411
603 954
16 1146
80 723
1121 1313
489 901
217 1131
461 810
364 594
1265 1481
723 870
810 1423
868 1438
178 998
611 1250
51 845
1228 1472
640 1298
108 971
142 925
546 1163
1206 1223
531 973
512 766
69 1459
217 680
847 968
250 1463
979 1470
171 174
990 1035
16 860
162 400
883 1211
498 1112
312 1385
826 1250
128 1436
527 539
1204 1222
633 1252
533 989
145 1451
420 1302
407 1401
302 1088
288 931
910 1093
80 1364
477 1428
1171 1230
451 1018
885 1193
521 1011
310 598
68 157
785 786
87 1150
1437 1472
878 990
475 1296
329 349
923 1295
1430 1434
775 1458
96 1191
439 1354
112 1173
630 1055
732 999
821 1199
167 211
909 1020
1161 1302
526 1422
265 465
307 1022
280 689
693 976
1080 1233
20 407
380 1096
266 899
741 1053
280 820
553 990
516 1159
259 971
1036 1199
1182 1491
580 1493
3 1492
609 852
462 1423
472 1091
1099 1120
283 1105
138 191
1017 1128
197 653
419 492
691 1014
62 683
815 1419
635 1453
594 963
971 1413
550 759
1255 1423
355 603
78 175
253 371
486 595
3 1211
19 394
995 1214
490 1220
921 1348
65 1099
254 1229
222 846
612 817
915 1068
413 678
173 1016
601 775
563 987
136 1185
160 1293
63 967
496 1219
77 136
280 423
492 1236
167 736
741 787
783 1344
397 735
80 361
556 1093
914 1336
440 560
827 927
212 386
1120 1337
1280 1343
735 1437
821 1268
807 1001
362 716
752 1342
245 260
239 745
1144 1471
396 1278
1026 1401
486 1401
355 822
348 1096
372 727
1425 1460
300 875
489 1005
79 1074
121 224
192 1272
239 1080
967 1452
19 1399
270 1252
369 1149
599 1114
1016 1418
456 1013
457 936
541 643
484 648
961 1138
344 1283
85 282
1061 1435
948 1271
419 561
879 1180
331 905
740 1083
554 1466
253 309
388 1036
257 1078
196 314
111 131
273 1335
606 892
59 663
176 1140
205 224
396 1332
759 970
493 1037
655 724
26 359
124 1085
318 1488
58 454
70 1074
417 730
962 1422
262 1175
362 1105
35 1055
464 572
1061 1455
425 1026
586 790
251 1264
95 620
531 1131
1149 1276
358 1258
890 1407
390 732
925 1250
479 932
548 1167
506 644
1141 1459
253 1115
642 686
269 1372
1030 1453
514 809
82 412
329 827
185 1078
747 889
475 1119
401 501
634 1477
979 1177
89 1296
653 1063
46 1015
494 1491
34 1016
1070 1223
726 1171
167 689
430 1327
210 1279
931 1126
587 1074
244 1055
317 1307
42 1168
57 750
219 403
1235 1300
322 1069
417 949
809 1256
131 747
77 1011
341 1441
781 1131
312 772
645 651
1118 1124
145 707
814 1293
1034 1341
75 1500
244 1390
725 1098
263 942
910 1135
765 1353
755 891
109 655
293 735
510 846
579 1081
709 1150
1199 1384
686 931
847 860
520 679
274 1353
650 1500
695 1019
349 631
565 1461
63 319
179 197
838 976
65 752
74 670
1058 1443
658 1044
673 1268
156 832
592 688
403 702
393 1170
338 581
283 812
603 1065
893 1140
160 495
539 901
20 32
924 966
600 1154
699 1051
417 1474
120 439
340 597
700 1451
516 1371
152 534
512 1498
13 1202
1116 1211
950 1402
730 1354
117 384
287 640
13 581
892 1041
578 1403
261 1029
452 1173
109 1044
1181 1468
62 104
292 1476
726 1376
642 1260
51 1160
840 842
518 1353
231 751
1159 1206
156 852
126 1080
1378 1475
36 1101
1109 1309
315 589
1239 1378
302 413
473 1391
1400 1417
1183 1450
294 740
440 922
906 1192
789 880
851 912
515 1463
467 1391
272 300
1062 1359
761 823
248 370
276 1103
134 925
782 842
566 1453
567 1211
122 926
164 1483
790 973
1062 1495
1046 1403
666 1244
447 844
850 1324
949 1221
129 1189
865 893
47 65
596 774
235 804
409 1077
745 1181
254 534
165 811
691 1445
255 934
83 342
1037 1178
488 1158
821 859
118 1283
890 1094
61 536
375 850
1021 1086
276 987
1152 1188
293 858
938 1480
523 857
295 1325
511 1500
1083 1118
342 1002
40 53
748 1120
864 888
371 1037
719 1106
1153 1281
85 358
717 770
577 1038
378 1245
475 806
4 145
886 1451
108 569
889 1055
629 1153
272 1310
931 1434
991 1143
460 752
73 419
302 1103
171 1145
694 1410
34 1494
937 1297
734 1010
843 1340
409 510
160 448
52 667
239 1006
670 956
374 470
529 536
429 915
458 1406
371 887
1205 1220
143 713
185 1270
678 1121
606 1269
319 667
401 1445
248 1060
1001 1290
32 741
19 840
13 534
179 956
319 832
481 485
363 1070
144 806
851 1151
677 1355
556 1204
449 1181
747 1348
235 1363
121 621
15 1137
434 1012
966 1161
265 1266
151 1069
67 1396
77 1203
292 978
1149 1488
52 551
341 978
139 449
745 1216
715 1478
156 354
835 1373
1107 1130
145 278
999 1493
738 1178
149 282
311 1486
725 1421
25 1174
1331 1470
384 808
628 1239
51 963
541 720
555 1021
1377 1486
512 850
487 853
184 1388
252 1228
409 865
964 1364
424 1199
35 530
943 1481
891 1426
757 1099
269 1298
240 1284
1186 1368
656 900
277 1429
1203 1273
995 1229
375 1390
502 723
13 889
979 1103
725 1174
147 1250
898 1178
337 1015
168 1269
1392 1429
93 1370
1249 1328
586 1221
1023 1477
518 1040
289 833
113 224
191 859
404 953
734 1215
453 953
329 433
281 838
1115 1446
96 1144
828 1486
911 1270
296 1481
472 1325
915 1384
1304 1322
125 1323
46 626
130 1085
1265 1299
58 900
186 1288
1093 1184
364 446
335 432
1170 1440
154 1329
197 402
12 1185
502 777
26 354
905 1291
230 1041
129 1497
3 790
971 1162
569 715
841 1127
49 54
524 753
337 448
609 970
12 1355
1043 1145
512 754
128 502
90 714
149 1142
1291 1449
163 311
295 1468
811 1014
620 1347
429 1174
540 1036
472 724
429 553
1087 1409
740 1263
544 1184
991 1150
112 1442
621 798
346 659
647 1195
1108 1462
761 1316
289 1353
294 1403
234 1039
999 1412
151 537
256 884
1011 1411
913 1437
541 1294
370 460
787 1241
894 1269
172 1376
240 281
753 1491
234 622
1213 1489
751 1333
11 1140
415 1268
297 1164
786 1032
318 431
72 1105
407 1273
1017 1431
659 1222
435 743
446 473
245 999
63 600
304 1427
103 179
411 1421
1023 1260
138 1285
281 456
626 1230
836 955
241 1296
38 844
834 1410
343 797
171 682
46 1030
480 1205
335 1457
1061 1354
265 953
127 1235
295 1367
820 1313
802 864
256 448
90 783
129 1081
264 1056
575 1399
204 1014
664 834
48 260
549 714
48 1046
1488 1491
312 787
151 1057
1191 1247
297 597
195 1295
281 1126
961 1426
267 969
789 1311
326 1397
1293 1369
1264 1355
865 989
1080 1406
203 627
290 703
194 887
236 789
751 1067
283 322
11 874
181 1130
569 668
108 160
1130 1473
1103 1140
820 1197
1089 1494
1038 1053
287 1256
954 1380
308 1144
562 630
894 1338
475 732
407 420
179 246
766 806
595 648
481 561
874 1234
452 547
543 593
175 1020
602 1021
329 1328
674 695
474 1144
1095 1493
44 1083
995 1217
434 1054
1169 1490
64 1357
1346 1367
1068 1291
886 892
17 273
646 1251
835 1381
55 818
316 368
426 1237
601 1433
1094 1284
747 973
589 1290
680 694
506 898
44 632
274 597
232 1481
2 861
752 1044
306 726
656 1262
660 1376
718 1438
688 736
248 535
87 150
203 395
840 857
466 1143
196 302
437 1129
208 1197
694 1351
492 822
338 1266
613 640
854 1467
388 403
547 761
934 1128
973 1316
1346 1416
393 1239
414 978
77 1265
203 565
116 156
521 1006
699 916
222 937
283 1046
258 669
1359 1474
858 1130
647 751
202 466
262 1294
248 385
709 1404
826 1095
64 436
484 1476
767 1453
969 1162
500 1458
402 1484
643 904
1174 1295
484 855
58 777
689 823
859 1113
542 739
620 1374
148 756
703 1255
521 856
450 1249
245 351
1137 1464
349 1050
221 1139
782 1192
612 1413
298 1408
103 317
95 191
456 900
530 800
70 1077
661 1177
603 1149
296 1242
480 1212
679 1482
697 1420
882 1148
1316 1357
854 1201
761 1023
460 631
565 944
1255 1418
502 533
706 743
713 807
363 1201
1227 1471
194 690
801 1414
284 847
688 975
1038 1477
156 315
99 975
44 1206
636 1064
854 920
752 963
21 1021
23 702
80 152
845 1167
328 600
21 400
877 1406
529 1337
357 1222
804 1188
476 1249
243 1025
245 706
865 1297
166 462
33 1465
23 251
553 1471
264 423
913 1028
115 807
800 1341
742 870
406 915
3 1187
58 880
1236 1265
920 1291
21 85
497 817
93 1166
870 917
1053 1074
398 954
584 715
170 1422
367 638
1200 1323
473 709
273 791
1216 1470
1118 1331
528 1154
204 1342
1044 1355
717 1174
343 1460
301 937
342 916
333 377
578 1221
6 196
595 1092
435 1120
108 939
786 793
149 1083
65 1410
34 452
170 350
1096 1273
402 816
45 973
1027 1169
952 1270
657 817
503 530
1256 1266
1117 1457
875 1459
57 1108
822 1371
1035 1465
101 1346
357 990
368 1346
434 1212
72 711
171 608
405 590
1111 1177
643 1328
26 1140
70 414
430 1268
286 898
3 955
264 982
468 1302
423 1340
539 1108
1140 1492
606 732
617 1232
845 1440
501 733
441 1134
1235 1411
762 904
316 861
329 1404
880 1105
179 1244
91 147
54 937
671 1159
328 1140
437 1321
238 1051
596 927
229 1277
1061 1164
933 1253
803 1218
486 844
506 940
17 1106
391 1095
406 1319
683 817
565 1402
22 1177
435 1189
1377 1439
971 1342
115 1381
329 1123
675 856
472 569
301 1142
439 1337
456 1208
273 443
