500 2500
212 368
322 472
142 472
196 242
224 257
93 299
77 351
31 466
216 406
220 486
180 362
27 454
65 276
417 425
4 201
250 389
95 145
102 484
189 348
75 151
161 194
279 361
30 236
111 326
36 474
218 320
406 417
69 492
37 431
127 342
128 299
361 421
14 212
131 490
267 498
390 393
312 447
70 449
235 424
72 130
154 156
260 426
355 387
261 281
101 309
108 373
399 447
222 494
383 499
118 248
77 303
318 412
66 193
237 309
109 398
69 240
31 452
364 394
135 187
66 227
336 350
228 357
176 268
450 471
155 414
140 224
332 401
405 441
46 89
54 186
82 374
206 239
376 495
209 286
181 305
116 150
34 124
172 421
58 334
266 412
402 420
140 394
125 238
124 412
67 244
166 251
99 449
198 346
414 487
260 378
214 493
162 302
80 276
358 449
362 466
47 491
251 426
71 426
186 334
134 279
7 338
59 427
216 339
350 488
102 286
158 455
90 143
78 110
135 139
105 367
294 497
45 325
32 259
30 135
171 314
76 497
203 409
233 456
168 301
302 306
26 123
331 354
83 215
87 232
196 447
96 108
426 480
95 282
402 406
188 452
6 53
59 175
279 498
369 409
22 310
87 465
223 295
29 471
394 411
3 171
158 174
19 43
190 269
124 466
12 13
174 355
358 435
88 380
106 284
96 477
329 489
114 169
69 144
404 422
12 149
294 449
186 456
76 449
84 499
275 276
254 359
159 432
229 425
319 336
160 224
46 90
417 446
335 420
376 399
33 270
48 494
197 356
218 307
160 389
292 317
26 274
259 354
148 314
185 425
206 376
112 241
366 416
337 402
7 237
448 476
251 393
219 332
6 272
116 423
198 449
38 477
121 426
194 466
411 467
60 351
211 371
12 101
264 383
122 252
41 149
350 460
88 434
126 256
254 277
212 472
4 106
135 208
109 453
89 323
290 486
78 213
102 423
72 486
139 322
307 391
48 412
221 382
127 213
376 482
262 285
213 353
332 490
44 497
61 478
33 387
99 300
192 470
91 237
181 360
172 476
11 138
4 441
79 374
443 454
50 394
198 333
42 331
223 364
95 453
362 419
25 494
231 495
158 277
342 357
325 410
102 239
10 406
90 96
45 181
51 385
98 193
49 261
203 294
41 198
52 342
155 319
290 404
72 438
189 239
192 286
45 414
302 361
47 95
122 471
93 457
120 135
228 495
69 446
4 291
323 346
160 327
201 408
53 367
221 436
205 276
143 490
124 283
213 373
353 461
245 468
295 433
14 200
217 487
169 203
90 499
107 370
223 248
13 311
348 479
11 187
447 486
60 153
398 478
185 494
337 403
209 492
202 399
72 152
48 78
300 360
304 377
36 45
73 109
134 218
204 211
379 407
12 68
56 306
277 497
163 300
5 9
88 435
204 313
314 354
368 399
32 232
16 284
171 287
1 94
289 454
346 483
29 109
98 344
118 372
83 154
93 375
175 401
143 340
18 67
104 173
70 190
126 461
74 270
168 473
58 356
115 385
266 371
397 439
1 298
288 355
10 106
164 461
292 372
239 347
193 462
209 444
13 331
369 450
18 334
252 316
28 112
20 49
329 360
202 482
88 285
472 495
56 224
129 264
15 177
122 171
59 415
276 416
350 379
49 165
351 412
338 346
203 232
3 314
342 460
77 277
45 216
187 428
342 494
113 486
311 390
367 386
30 94
3 479
119 247
115 201
318 488
421 465
16 338
115 235
217 289
37 289
90 301
328 363
123 429
271 368
11 23
253 498
94 449
180 492
148 219
184 394
40 472
87 390
47 232
324 482
39 169
30 395
14 172
148 287
234 393
14 206
132 373
140 470
26 383
83 475
277 333
15 95
468 477
22 434
117 251
108 265
24 115
378 388
28 195
63 337
194 405
179 215
117 319
150 201
61 82
15 197
101 303
40 118
424 438
342 412
159 289
253 280
51 440
35 492
233 396
393 402
101 439
4 113
87 172
307 330
396 483
197 213
20 370
50 95
61 349
48 448
271 320
167 407
99 205
104 145
274 401
323 333
58 260
65 387
14 56
234 277
125 130
210 313
238 328
292 373
316 405
136 405
205 365
3 48
56 60
174 227
374 467
83 427
38 334
158 182
443 495
366 472
120 394
162 296
34 419
117 368
386 458
55 370
383 445
8 43
31 330
34 487
143 191
395 410
23 267
108 450
346 402
24 334
257 346
191 467
27 415
143 293
19 352
384 402
73 334
172 231
62 224
151 314
171 342
27 483
29 164
132 141
9 280
20 487
336 495
217 392
153 160
292 325
267 391
58 377
75 248
64 138
8 446
5 399
58 411
292 393
141 195
214 337
194 207
128 328
39 209
230 416
104 398
109 126
177 438
51 208
391 489
21 470
39 374
52 199
304 481
39 408
67 423
34 439
85 327
154 287
219 442
35 396
432 460
55 424
321 420
138 373
20 206
183 369
265 395
186 416
36 285
207 401
69 269
228 352
367 407
20 371
66 290
299 302
119 302
25 133
69 371
83 195
327 351
245 325
306 497
356 399
249 439
36 455
250 472
185 317
42 106
193 367
125 165
182 194
434 476
324 469
64 124
57 474
8 432
140 423
323 470
198 273
239 388
173 373
269 291
24 136
159 174
444 487
121 386
277 422
59 422
456 486
375 383
229 235
354 466
64 459
143 197
298 475
134 376
101 392
8 146
143 231
449 495
36 271
183 486
285 430
168 296
139 282
107 111
69 323
131 219
224 389
332 416
139 350
143 430
225 456
381 382
40 377
93 499
8 350
327 468
193 353
160 403
125 185
83 380
1 388
107 412
370 408
259 368
4 469
103 476
137 218
209 500
46 371
287 480
334 398
59 306
394 474
153 399
256 376
112 352
91 435
276 438
67 424
150 208
10 366
63 378
166 465
212 384
27 368
98 221
195 471
146 327
143 280
36 354
17 84
201 266
192 280
150 475
77 469
376 428
98 454
4 285
189 335
111 279
245 394
266 345
156 338
86 379
121 154
344 359
345 426
4 421
145 296
103 428
202 325
238 466
317 445
35 179
92 208
198 342
317 479
362 365
154 172
300 354
137 335
326 355
84 247
3 254
223 412
10 381
456 458
358 484
93 199
436 464
318 360
129 374
67 478
64 431
212 370
159 311
130 331
29 35
88 463
170 489
186 437
175 327
282 321
221 246
9 185
52 453
246 277
164 285
70 116
124 161
47 75
296 310
282 486
25 188
295 311
95 181
8 351
71 107
45 462
9 384
295 345
78 344
91 169
267 398
193 422
1 389
2 37
60 99
227 308
223 262
47 342
234 469
55 227
291 498
280 388
15 103
304 420
105 150
27 204
186 287
460 490
170 373
117 395
101 345
237 243
8 99
264 398
56 354
76 382
322 494
143 252
134 431
364 396
168 283
310 385
392 411
52 439
249 310
197 221
119 275
4 155
306 402
66 263
58 200
150 447
4 189
224 410
123 389
281 439
442 444
185 256
44 444
119 377
53 362
238 302
41 431
12 417
230 239
116 152
135 422
483 491
132 299
263 367
182 264
54 353
127 330
161 347
184 456
222 278
75 372
174 269
27 88
284 420
206 474
308 452
141 353
63 297
81 201
137 307
91 422
354 371
391 482
298 346
72 249
355 438
178 485
191 310
261 303
285 301
314 349
285 335
155 334
180 302
286 436
290 453
61 309
126 388
258 379
311 438
258 413
58 254
193 292
78 282
148 165
433 478
167 435
409 467
275 462
139 488
255 256
430 452
59 177
312 319
29 405
198 232
51 114
218 459
223 297
27 74
283 373
162 222
23 91
11 270
304 358
239 478
212 255
117 328
220 242
138 313
76 315
44 144
260 497
297 430
150 249
347 395
199 456
33 68
101 317
52 275
101 351
187 457
338 443
122 302
12 185
117 498
85 437
106 388
315 436
76 485
307 373
144 244
380 413
315 470
368 482
99 117
172 259
9 240
23 494
192 321
42 46
75 140
132 169
87 317
143 423
274 381
319 440
356 441
185 325
340 391
292 319
32 480
434 484
214 297
47 261
3 57
296 467
145 269
86 420
107 405
13 346
142 180
391 415
17 426
125 343
113 200
362 435
133 228
15 124
444 495
122 152
21 498
12 35
244 370
149 443
318 333
68 484
272 482
204 280
109 353
143 205
113 433
89 257
60 455
176 223
347 449
207 395
180 337
302 309
188 222
180 405
12 370
94 396
151 425
89 427
389 487
61 446
279 370
249 433
434 436
58 323
410 472
296 385
4 375
120 253
344 415
369 383
189 493
7 157
187 191
129 163
28 142
52 77
370 484
141 340
76 185
244 254
128 473
280 463
244 385
117 334
208 244
84 303
436 452
34 482
129 333
395 439
133 413
118 223
457 471
84 405
216 396
351 481
240 441
257 312
191 433
113 487
12 254
221 302
331 343
134 472
99 152
188 242
22 66
380 419
185 229
306 443
156 215
209 227
282 479
14 37
70 206
38 145
426 435
246 435
397 421
16 470
67 83
185 360
74 320
327 462
213 375
398 412
242 457
131 417
38 281
312 374
63 202
1 450
277 300
390 451
63 270
96 364
18 418
60 257
15 130
45 67
235 453
138 237
20 133
208 230
227 500
47 500
11 393
232 262
351 399
236 342
159 256
395 425
179 284
216 348
265 390
108 465
138 402
110 146
265 424
88 471
3 398
146 321
81 378
393 403
23 384
73 349
213 225
286 477
310 475
9 261
131 233
16 388
119 399
58 324
124 237
16 456
299 433
217 407
202 217
74 306
144 435
92 134
182 257
263 394
99 405
262 492
134 138
76 220
2 181
72 174
56 226
472 497
326 349
84 241
55 337
166 411
40 71
273 405
19 217
175 253
123 164
61 166
27 348
44 219
144 149
170 483
225 286
228 333
2 448
98 298
66 237
1 82
257 381
5 162
81 461
389 440
30 198
53 273
188 311
95 175
46 133
299 385
167 428
348 351
292 389
112 114
50 281
201 479
340 432
344 402
242 492
14 208
28 32
365 387
71 300
88 171
96 268
414 463
313 442
333 360
83 477
74 491
219 273
187 212
85 158
60 224
202 436
288 479
51 272
16 54
173 456
230 485
211 278
251 436
150 203
16 122
236 280
190 395
289 292
440 490
14 475
162 414
236 314
118 210
48 251
200 270
41 221
311 344
314 391
180 276
129 422
151 296
367 471
102 398
5 182
360 378
388 456
327 381
274 403
245 389
266 340
267 310
327 449
201 431
292 375
35 77
160 418
262 362
70 329
402 450
80 136
95 360
46 318
64 159
112 265
50 369
101 155
223 339
240 244
355 364
152 491
333 414
92 339
109 210
326 384
23 201
408 444
97 211
35 378
154 303
325 419
41 139
20 222
60 380
147 244
180 228
315 376
106 362
162 468
114 247
416 431
69 222
224 288
94 253
183 453
186 500
168 263
224 322
78 174
105 431
274 321
32 323
271 308
356 381
210 233
124 224
249 455
83 279
21 171
71 136
25 251
144 388
205 285
58 379
75 250
173 224
164 450
397 462
54 333
29 399
82 458
202 306
141 231
148 358
205 387
169 343
309 465
19 73
252 407
75 454
91 465
80 292
280 485
67 391
198 459
121 436
272 422
56 281
264 330
133 372
56 349
92 490
350 470
170 470
88 478
321 490
7 485
110 187
310 380
53 192
76 479
8 230
367 443
1 137
197 284
281 468
128 146
135 320
74 245
140 323
196 429
32 440
177 222
274 472
10 47
46 188
263 299
296 393
50 268
69 475
160 419
259 316
66 462
188 434
295 491
116 249
43 243
59 288
132 430
100 369
26 440
394 490
277 356
18 411
150 224
93 166
165 448
130 230
395 447
183 386
257 286
285 364
151 249
243 496
94 191
253 337
25 53
150 394
200 359
225 327
32 324
335 431
250 358
303 370
118 401
353 369
156 257
148 194
120 213
206 256
39 110
145 181
168 468
87 365
1 356
202 307
42 225
13 321
205 388
55 160
344 443
161 396
222 293
365 428
162 251
248 294
415 427
84 229
162 319
150 176
158 273
18 494
42 429
173 497
57 74
211 319
84 331
247 494
133 407
297 459
375 439
44 241
101 380
200 277
367 376
73 289
163 412
32 242
73 323
343 446
335 383
17 86
339 463
343 480
12 282
50 104
254 458
98 456
246 395
93 487
206 208
177 194
131 309
296 394
75 237
144 409
231 273
103 362
30 356
177 325
99 316
75 305
341 348
308 317
157 331
202 327
92 210
5 490
68 246
26 441
128 385
23 106
355 371
248 411
190 383
428 445
199 403
55 379
102 187
89 121
46 495
40 79
84 317
134 282
76 364
81 304
268 431
170 457
158 424
94 192
363 392
51 464
150 361
72 352
282 289
286 369
126 287
346 445
208 423
29 71
30 104
56 438
53 179
129 478
22 41
474 487
245 280
336 436
48 477
196 416
18 97
171 482
172 405
45 464
89 490
120 185
144 395
295 381
397 435
431 452
79 337
33 452
231 293
121 176
422 500
165 202
205 360
104 339
120 350
174 222
223 264
112 224
95 353
71 342
170 239
177 413
138 178
158 206
18 364
88 247
108 275
165 304
448 493
333 436
337 453
182 484
35 303
169 418
92 395
77 205
330 457
36 158
178 472
342 422
77 273
61 160
97 301
321 429
343 413
49 326
101 415
97 369
179 395
289 436
338 478
176 272
130 387
79 153
364 466
446 492
336 422
147 436
167 354
203 495
86 251
140 296
61 427
49 496
224 480
323 377
140 330
206 243
196 499
331 474
288 303
6 37
227 228
319 475
71 226
26 311
65 499
193 410
181 377
116 222
185 457
169 234
137 207
309 356
345 497
251 328
117 213
277 329
104 456
109 184
129 212
76 234
165 387
203 209
57 61
113 332
199 375
8 19
252 497
375 392
159 251
138 334
269 402
37 101
93 270
167 170
82 97
49 278
147 286
73 310
159 353
25 26
163 467
245 281
363 495
217 237
87 202
437 458
204 480
175 466
164 356
238 256
71 110
144 362
50 193
73 480
196 485
82 398
53 384
21 213
182 252
80 96
418 421
39 151
43 231
316 401
120 288
157 352
292 437
82 500
214 381
1 397
157 386
239 412
248 267
222 300
75 394
223 333
28 143
247 331
52 141
105 153
313 490
52 175
72 203
122 168
18 467
334 475
3 277
112 395
93 188
219 452
44 180
67 467
12 119
155 254
98 196
37 121
7 493
114 275
147 369
44 316
332 343
8 272
307 409
65 301
367 485
385 389
146 438
442 481
110 394
213 308
136 285
61 496
176 477
9 441
127 333
205 313
9 475
22 300
91 260
317 454
284 394
317 488
21 398
222 349
170 260
276 331
28 129
107 475
390 452
259 494
39 336
227 433
116 393
64 304
68 384
129 281
15 228
248 452
32 99
92 450
27 295
294 371
15 262
163 303
347 383
80 417
138 369
106 308
359 382
164 192
237 334
211 477
114 261
200 367
275 300
33 192
50 63
233 495
87 237
66 320
171 421
103 219
8 292
196 389
160 311
8 326
126 493
340 345
86 306
171 489
37 374
218 331
169 187
152 350
18 269
320 453
29 413
361 432
312 390
157 358
370 452
117 234
42 335
227 419
378 405
45 83
412 422
76 255
112 396
362 491
342 361
97 206
251 451
383 442
485 496
211 327
100 499
133 381
268 356
350 382
36 165
289 307
204 234
187 363
8 74
66 136
59 486
243 456
142 435
134 372
216 398
372 434
204 399
72 442
175 419
249 319
118 361
75 114
33 309
148 154
238 277
275 451
377 395
11 26
47 167
242 391
17 264
132 274
12 460
128 228
279 489
214 334
135 499
238 476
18 289
205 416
288 475
312 410
260 321
116 360
101 170
273 319
283 430
81 176
269 273
390 487
77 130
178 460
80 321
64 373
186 345
141 430
116 496
137 447
56 344
5 13
28 300
57 102
379 479
187 446
108 467
190 493
81 346
146 289
429 478
77 363
105 378
220 498
384 385
24 385
105 412
58 161
160 215
15 467
275 369
229 484
5 280
271 357
218 332
401 489
242 377
181 302
235 237
323 467
39 124
128 277
115 423
31 61
284 313
120 261
292 410
259 379
427 448
11 177
316 408
3 114
214 388
35 209
334 346
26 469
43 340
64 291
239 487
223 374
108 317
59 385
96 386
460 466
305 434
122 175
141 445
460 500
126 145
178 480
16 172
354 497
98 232
154 338
101 423
108 487
27 384
28 417
233 385
249 286
261 463
62 193
175 391
441 497
261 497
4 199
188 279
139 347
114 350
87 292
310 497
189 346
413 474
131 318
152 206
206 251
292 294
145 176
352 433
34 170
291 392
111 392
64 141
100 282
484 492
27 64
394 437
283 397
206 421
365 457
317 495
378 392
194 409
208 233
183 236
243 375
241 251
159 225
38 488
105 214
158 336
44 139
290 327
8 61
162 416
45 172
452 457
10 431
80 424
395 462
170 437
338 404
105 345
130 313
240 464
171 292
90 189
253 352
90 223
160 216
135 253
123 385
107 162
49 456
380 442
201 365
267 278
70 195
68 71
160 318
33 330
136 244
172 385
55 73
41 495
38 236
251 254
260 274
132 363
198 276
15 17
259 385
313 430
68 275
24 71
166 283
276 387
333 416
68 343
104 484
64 326
304 402
276 421
326 386
48 137
362 498
92 409
355 468
342 402
354 469
28 321
113 394
134 345
216 371
142 442
286 364
306 316
151 284
364 378
5 136
183 489
4 200
274 323
306 418
130 498
164 350
328 402
433 440
13 186
40 443
356 451
410 496
107 313
58 381
157 312
1 357
295 478
103 445
107 415
59 241
345 477
169 345
194 313
99 496
2 170
308 468
34 409
81 217
219 412
64 380
199 452
114 167
219 480
265 365
355 488
311 318
211 485
416 453
201 235
135 220
232 470
388 396
319 368
75 170
302 455
319 436
271 427
173 178
262 331
79 284
230 270
434 480
406 436
271 461
210 386
178 215
47 257
103 363
323 474
62 481
230 338
291 447
30 454
451 453
190 248
60 150
260 343
451 487
71 357
7 235
230 440
7 269
63 328
239 494
260 445
244 332
158 289
191 307
325 422
11 417
158 323
187 371
165 484
322 443
77 288
290 382
167 199
87 129
20 327
220 491
364 413
224 359
74 131
200 395
278 375
15 489
23 476
201 352
237 493
73 441
323 324
87 265
29 237
33 317
102 489
176 452
279 366
380 497
279 400
292 364
115 411
266 397
54 336
274 494
377 471
230 290
116 203
172 474
96 209
263 418
27 37
317 400
5 472
291 433
173 329
56 85
64 182
198 297
153 335
193 493
43 328
112 288
80 227
39 282
390 398
177 477
51 247
403 430
354 422
10 370
134 298
436 482
109 301
90 94
165 470
35 435
69 177
171 231
123 256
73 325
249 279
50 72
24 427
285 454
38 73
161 180
302 359
140 263
303 426
271 365
39 64
292 316
131 311
42 145
406 437
119 477
90 463
42 179
242 419
213 405
202 295
235 279
182 301
166 188
320 496
128 353
185 492
68 248
288 469
166 319
134 148
75 409
27 125
214 464
77 90
113 231
330 342
240 253
273 347
67 414
191 279
325 394
342 375
93 203
326 427
81 272
325 428
195 393
89 191
7 440
254 276
61 210
265 420
449 500
289 418
1 58
36 310
146 351
249 328
172 242
200 430
286 473
168 369
103 214
79 140
196 418
70 188
302 476
202 213
41 483
13 227
145 218
139 491
140 414
193 426
295 417
58 422
92 164
128 305
64 183
252 280
185 478
398 496
382 446
3 176
105 120
382 480
20 81
194 354
162 293
297 331
100 460
403 465
330 493
147 234
432 471
285 290
66 165
204 297
129 398
48 295
347 432
62 119
207 378
119 211
44 249
80 500
261 423
94 214
45 282
119 245
74 118
336 390
474 475
17 157
241 497
221 367
311 490
218 244
258 402
147 472
111 284
218 278
70 237
189 374
177 231
46 163
349 380
172 427
35 53
53 400
104 259
295 466
115 466
119 483
131 414
288 373
226 265
292 453
344 466
423 445
7 174
451 460
145 340
14 369
130 137
48 145
137 345
77 193
89 192
322 416
273 484
253 278
28 363
51 438
29 74
400 430
420 458
233 394
221 251
392 401
134 455
66 253
466 474
193 228
335 440
327 377
196 419
267 272
172 345
274 399
58 258
59 79
171 456
100 160
160 346
406 424
213 358
263 323
39 119
234 377
153 274
480 489
34 281
7 160
11 240
152 419
165 273
202 384
443 493
152 453
52 177
145 457
80 302
84 272
7 393
34 485
139 143
162 430
60 473
244 490
97 372
30 93
167 255
372 435
111 120
183 449
253 332
4 160
139 245
258 335
179 466
183 483
146 372
139 279
110 265
19 418
23 498
221 339
24 468
275 384
405 453
45 453
306 480
90 402
275 452
188 410
90 436
284 294
26 348
78 437
283 295
160 497
341 420
361 448
202 336
206 416
152 468
142 218
96 333
132 474
11 260
260 385
251 399
46 402
326 332
182 473
248 386
137 380
387 475
89 96
228 248
55 422
16 187
158 399
379 480
162 479
315 358
240 459
32 237
16 289
207 433
246 288
201 326
114 331
168 376
44 435
61 416
89 431
307 465
19 472
234 247
58 327
458 485
22 220
422 441
141 145
295 453
230 298
21 284
323 468
226 252
242 475
70 360
74 440
455 493
292 474
308 346
81 95
117 236
251 351
42 337
138 187
55 272
173 439
24 134
132 494
280 433
76 257
11 377
162 363
207 249
89 145
72 308
407 476
93 196
404 429
428 474
15 250
338 351
66 138
155 228
20 253
11 479
119 184
109 377
172 196
146 276
404 497
12 224
220 451
211 465
228 336
425 482
8 212
200 389
86 192
155 427
388 439
110 300
278 369
376 406
66 308
79 162
332 414
139 348
180 429
32 388
110 368
209 265
385 494
111 325
327 466
79 264
59 134
90 408
54 330
120 243
231 283
279 491
92 186
27 31
227 305
263 446
313 445
419 469
187 215
357 471
414 500
248 324
226 437
247 388
220 267
297 387
186 347
137 415
125 484
130 212
24 285
244 443
179 288
48 220
143 244
150 308
162 485
363 436
179 453
282 367
143 346
311 415
233 469
315 495
50 100
15 469
155 447
164 365
66 391
57 405
115 357
53 359
267 376
29 382
246 493
53 427
153 247
55 205
226 321
72 76
219 228
365 410
117 271
13 405
97 112
386 395
55 307
272 308
309 482
113 293
134 244
3 286
60 378
379 433
203 238
