500 2500
243 459
298 474
108 455
7 434
289 378
233 353
53 141
76 428
146 311
97 379
2 452
261 431
315 413
253 305
37 227
421 437
44 291
65 242
106 433
171 376
156 186
95 111
389 444
213 249
49 472
200 458
99 162
19 459
296 342
438 444
323 387
307 486
29 300
75 219
227 238
50 285
320 408
340 436
128 265
145 246
217 465
313 315
31 49
117 155
178 264
230 353
33 482
198 292
263 481
199 249
202 406
370 475
11 233
157 415
170 269
312 481
112 351
116 368
231 488
101 178
112 385
48 153
27 236
220 336
44 141
57 105
143 148
180 212
92 459
408 467
11 466
273 492
180 348
107 130
78 226
185 254
139 369
44 442
143 449
94 407
213 366
152 291
295 426
87 382
206 307
341 345
17 321
34 192
316 411
47 258
284 350
68 209
188 500
202 324
259 387
161 413
13 372
68 277
74 481
97 113
71 358
493 500
34 391
202 460
325 355
128 484
67 409
125 471
80 344
244 396
212 335
268 394
92 411
408 482
9 82
215 416
200 226
424 464
51 398
117 476
264 416
9 150
72 383
286 400
90 177
113 464
146 346
49 342
416 469
33 182
392 395
110 239
9 218
36 373
207 489
38 54
282 456
181 223
292 297
89 487
12 401
145 150
112 119
217 432
136 329
87 397
54 303
55 61
169 182
5 405
422 434
95 316
83 385
22 310
252 275
234 405
345 479
313 418
301 309
141 337
247 361
415 430
100 489
386 450
85 299
20 144
67 429
237 242
158 373
162 390
4 52
424 450
326 476
247 497
240 433
45 243
40 164
4 86
240 467
76 415
208 406
117 496
191 493
140 162
364 400
151 369
24 428
106 454
22 92
282 471
14 63
75 172
114 407
413 497
148 212
327 425
246 432
184 324
132 235
231 242
136 315
34 159
218 341
206 308
92 111
54 323
262 401
210 422
296 465
252 261
11 186
76 129
29 457
23 41
112 241
137 272
366 450
153 419
334 389
56 203
162 274
67 347
186 272
357 498
166 388
298 379
350 392
186 340
436 498
89 187
32 129
93 238
61 177
15 292
420 453
254 277
359 378
343 430
176 221
16 249
183 458
285 402
86 132
49 343
293 499
29 137
28 460
275 296
331 355
115 214
25 125
126 421
150 466
299 328
54 173
185 275
34 77
238 287
74 235
340 341
381 422
8 356
55 62
62 401
21 244
169 183
127 315
115 447
4 407
402 441
68 196
189 491
38 293
78 451
262 421
112 256
136 466
210 476
157 451
11 303
300 311
76 217
42 399
272 364
256 416
77 174
165 404
383 438
69 111
23 226
243 384
117 429
16 133
143 155
19 214
354 492
24 327
76 450
58 103
164 174
41 300
175 415
82 279
336 454
123 360
16 400
70 170
271 333
189 341
91 155
79 224
249 480
57 447
87 452
284 323
202 331
74 420
91 291
7 175
227 396
251 331
141 324
476 492
34 364
157 471
48 112
301 364
169 436
68 415
308 491
6 307
227 498
223 452
154 280
212 342
207 326
175 265
408 489
101 336
395 457
80 482
115 147
57 166
44 265
311 341
16 284
191 480
54 106
314 422
22 79
5 242
97 489
266 269
132 154
123 380
32 368
37 371
307 494
65 386
14 118
103 318
353 413
319 459
156 330
197 411
136 370
35 137
213 490
96 246
3 110
218 464
104 377
92 234
309 408
84 171
157 423
128 409
260 400
101 186
72 172
190 339
326 347
59 415
244 355
121 447
212 328
51 386
240 406
102 245
82 115
293 452
176 208
32 184
118 290
8 173
143 258
228 331
8 207
58 172
138 488
151 342
156 180
257 447
156 214
228 433
130 459
19 419
89 412
310 493
442 484
380 486
381 409
89 446
319 445
177 267
397 425
259 293
422 456
479 485
263 407
234 393
54 393
10 189
280 312
198 286
365 385
304 310
160 498
111 456
312 407
10 257
169 340
54 495
92 317
28 195
186 245
85 224
142 316
50 483
14 405
44 67
220 296
411 440
199 379
351 398
170 399
432 459
158 400
129 386
224 266
48 283
62 107
342 480
168 241
89 262
9 192
78 152
282 362
99 103
126 360
167 276
302 314
156 166
79 177
201 361
188 295
172 347
487 495
442 470
65 387
181 265
306 496
100 162
167 475
96 116
316 337
140 354
8 426
111 340
22 250
38 232
140 388
377 480
60 106
205 365
252 283
43 269
112 229
234 413
38 300
100 332
334 377
255 398
243 255
260 338
109 140
148 438
205 467
52 145
226 418
199 297
337 492
277 450
212 295
122 206
19 153
150 221
174 431
39 456
63 391
200 220
236 361
396 401
187 497
264 444
160 164
229 336
3 451
183 451
79 95
66 304
285 463
53 272
58 212
61 369
93 464
438 439
74 257
66 406
57 420
58 343
57 454
65 441
348 418
353 468
9 479
459 492
206 350
111 457
341 422
14 241
471 491
101 105
239 402
305 315
174 247
30 498
156 487
55 254
43 323
157 444
227 471
150 173
199 380
305 451
272 420
155 176
260 489
399 442
65 87
89 132
63 440
60 393
68 490
106 312
41 157
113 439
297 456
314 327
16 223
254 285
176 229
80 489
315 394
73 286
37 208
207 401
232 432
384 388
1 101
229 419
50 67
289 495
27 469
106 448
241 486
87 241
389 425
52 500
167 345
159 494
45 407
43 71
128 144
103 257
71 86
258 425
58 295
275 406
192 410
327 385
303 484
8 364
12 444
291 341
50 266
116 213
57 474
121 153
252 255
223 241
277 286
2 84
117 204
169 293
308 348
77 80
25 468
288 464
29 485
341 476
10 278
112 332
100 401
42 373
138 223
159 174
248 374
118 127
207 217
198 443
333 481
240 345
276 486
61 103
32 89
89 181
94 121
130 262
55 473
207 319
325 486
175 258
77 284
257 284
45 223
142 439
265 444
208 386
225 257
179 372
265 478
225 291
16 277
203 404
23 404
53 176
143 362
29 165
270 274
98 371
238 247
381 382
132 210
385 462
135 401
67 89
9 383
143 498
131 355
381 450
67 123
454 490
71 203
65 476
296 474
189 451
374 454
198 259
91 299
141 298
165 296
181 490
195 267
67 356
101 208
190 298
67 390
187 285
169 478
165 432
113 343
428 491
232 268
88 409
64 445
150 276
268 443
208 338
285 348
41 226
9 165
367 408
6 485
384 423
1 136
109 496
155 449
303 388
37 345
254 456
271 327
19 475
147 496
192 382
353 387
323 374
30 320
279 479
152 360
67 240
100 271
259 417
238 500
42 277
345 494
178 348
67 308
107 466
124 447
492 497
14 330
247 342
195 253
334 418
239 491
149 402
187 334
106 231
264 281
117 375
65 74
178 484
162 371
10 449
355 471
183 356
191 406
2 420
51 462
321 475
44 259
208 421
314 382
154 410
131 157
4 169
106 435
368 461
229 440
50 88
118 400
285 499
126 387
111 197
114 354
19 427
279 329
50 122
54 202
71 73
93 500
274 360
144 325
328 405
66 379
201 417
71 107
148 227
156 324
245 477
46 207
352 471
104 269
406 453
369 376
422 498
288 383
284 337
370 443
357 411
145 384
309 436
199 319
256 348
102 103
265 266
137 355
351 372
240 332
301 441
338 340
81 317
233 273
343 377
350 441
191 392
40 194
290 399
2 406
170 475
207 374
257 339
310 351
83 100
189 234
192 281
72 467
97 435
9 268
224 410
57 311
442 444
193 272
114 403
131 274
126 470
79 219
38 172
90 397
17 323
198 246
131 444
239 361
39 231
92 243
260 312
24 41
291 484
394 461
215 219
205 475
96 391
300 326
120 436
179 209
222 414
186 336
138 264
16 80
399 401
354 439
223 481
40 112
256 465
96 493
326 458
55 446
208 325
11 454
314 349
44 260
196 216
203 343
425 457
363 459
216 443
135 175
72 419
396 477
70 117
437 456
38 56
360 370
229 412
95 119
21 143
78 282
70 219
353 408
192 403
39 115
231 292
54 339
131 396
164 490
213 456
92 195
471 499
23 57
95 420
17 474
104 440
23 125
95 454
243 317
109 202
2 242
16 66
143 151
19 147
194 453
290 303
175 246
10 436
297 430
204 294
5 24
110 125
289 435
3 445
197 222
384 396
201 239
164 238
135 258
193 210
242 252
16 367
328 358
168 386
278 461
210 293
43 147
13 210
292 319
40 467
299 480
116 221
287 337
218 411
124 352
210 458
283 388
25 379
55 248
145 371
382 463
55 282
84 220
157 472
108 328
208 258
268 334
41 83
300 429
57 162
179 346
289 387
211 441
66 216
171 317
87 167
208 428
45 299
139 256
147 353
134 452
318 469
114 293
127 147
197 242
250 364
24 479
258 351
213 224
197 276
203 480
86 236
175 499
111 301
246 386
11 38
291 335
221 486
127 317
160 411
262 355
47 247
234 374
422 471
144 497
83 422
6 124
111 437
27 75
361 430
165 207
291 471
54 476
259 444
24 96
435 461
391 469
24 130
202 483
386 453
105 157
174 392
40 65
182 489
150 250
298 401
138 319
343 350
395 439
142 433
94 149
65 135
49 297
19 284
290 440
110 228
367 450
87 187
281 378
79 124
9 275
311 459
331 377
200 419
89 379
433 465
206 214
410 424
21 198
206 248
121 128
160 363
136 352
454 484
279 487
53 437
153 257
312 340
369 432
33 477
50 348
149 245
366 419
251 333
88 204
166 357
22 435
269 271
60 257
244 337
215 323
16 53
21 499
252 434
23 180
248 451
71 498
55 385
34 468
268 403
36 149
105 274
351 399
264 357
137 479
273 487
342 447
20 269
318 436
371 448
126 293
211 476
215 493
119 200
29 111
151 295
82 233
224 335
21 48
114 328
417 435
130 475
86 271
360 474
79 178
118 476
127 284
59 82
57 435
74 306
409 474
21 218
22 251
431 492
104 311
145 290
309 376
334 344
361 499
84 173
101 154
219 321
72 140
182 456
334 412
85 240
244 323
100 464
186 295
3 248
42 436
227 486
49 167
216 266
355 431
301 483
207 314
59 485
146 239
461 489
110 132
225 252
129 402
233 349
470 475
103 170
44 418
192 357
296 304
224 452
189 344
9 344
78 304
218 282
224 486
44 486
360 494
98 468
43 120
54 264
111 356
30 363
96 166
87 392
402 430
63 106
296 440
99 357
67 186
287 344
57 489
108 165
33 478
234 429
25 415
43 256
178 294
173 388
227 370
394 469
116 330
170 265
174 345
148 425
17 467
215 261
301 367
55 289
108 301
2 264
252 469
354 413
73 117
142 352
45 136
232 263
200 202
220 332
195 398
179 285
32 138
7 416
225 238
58 92
119 201
322 488
261 447
32 303
217 243
8 229
156 168
18 36
87 208
388 422
246 291
160 248
105 479
437 498
257 498
229 454
95 127
210 247
119 405
12 445
164 464
317 343
10 143
295 456
184 416
185 449
292 443
206 434
174 263
13 368
234 449
100 334
38 336
127 489
14 325
60 244
45 54
150 155
42 374
190 313
226 454
386 426
129 238
145 461
96 453
28 285
130 229
216 335
23 269
81 331
20 256
195 452
216 403
88 492
126 314
151 282
82 220
37 195
171 310
192 261
359 470
140 172
65 273
335 396
94 321
106 498
160 268
132 211
266 326
17 201
291 294
167 463
7 48
145 243
259 364
108 137
35 194
72 93
357 406
227 371
133 202
235 392
166 330
259 500
60 230
366 494
183 235
102 132
211 250
116 433
64 344
38 487
298 389
247 425
198 493
41 91
456 473
141 498
7 417
48 286
65 157
150 340
19 272
118 279
298 491
221 227
441 448
36 321
61 289
261 482
392 474
110 318
311 481
78 257
73 453
144 306
184 252
73 487
34 87
258 427
71 88
177 222
401 494
21 254
209 351
296 427
361 370
70 330
140 425
239 322
29 385
260 273
169 261
120 329
88 158
39 226
68 274
11 216
280 369
77 82
54 484
169 329
18 343
72 113
235 441
6 234
223 408
198 411
149 403
27 253
112 436
232 284
321 374
69 155
88 362
60 381
293 393
15 254
219 464
61 173
15 288
196 211
16 211
432 482
399 498
114 185
158 423
294 494
164 184
3 454
28 422
62 164
29 167
127 175
9 283
271 343
192 364
156 257
213 349
201 418
136 263
41 446
193 355
263 348
221 480
121 170
402 437
340 439
280 287
4 437
3 71
54 436
337 413
334 366
18 329
80 225
92 292
158 205
1 492
28 170
51 245
24 124
3 270
305 454
173 497
354 420
69 107
59 410
117 425
256 480
23 256
264 365
19 210
452 462
69 175
108 473
208 340
9 133
66 162
183 440
3 440
30 118
89 271
306 335
224 309
21 56
228 423
310 449
225 376
72 468
384 459
53 261
105 486
100 103
221 364
201 370
104 217
144 375
82 377
120 199
116 153
182 231
296 462
2 53
153 251
95 333
54 388
120 301
317 447
124 381
414 422
107 434
337 399
153 353
187 205
277 391
117 309
268 295
240 251
96 392
211 237
97 150
469 492
105 234
223 448
264 317
170 423
34 496
16 212
16 246
126 287
192 200
56 438
155 335
175 363
111 131
17 72
155 369
392 461
281 421
311 468
13 89
19 395
111 199
147 450
188 319
266 299
307 490
104 203
323 391
46 175
397 401
168 469
74 300
40 482
189 454
206 325
235 263
288 385
26 359
31 87
447 468
87 468
127 414
80 163
226 345
10 267
361 493
162 223
142 195
137 289
128 439
7 288
7 322
76 282
411 450
338 376
76 384
138 416
139 237
150 381
54 88
52 441
40 298
254 362
86 217
271 330
16 368
79 187
353 390
157 167
281 475
131 310
433 494
168 421
53 364
13 177
16 499
177 297
213 438
95 271
431 472
87 420
239 329
177 331
96 228
83 437
86 484
67 248
21 363
88 199
127 497
272 279
99 453
220 224
129 212
45 62
16 48
63 333
14 401
226 496
141 423
243 367
32 64
219 403
150 231
163 297
24 213
89 156
229 244
222 484
190 423
88 432
322 414
137 474
481 497
36 212
108 494
211 408
294 467
363 427
200 298
88 500
29 106
62 234
335 404
70 119
274 329
180 372
237 464
57 299
36 445
47 112
193 294
282 494
234 273
16 485
86 402
430 488
283 307
80 130
213 458
43 265
132 355
190 205
361 431
260 300
26 462
276 379
157 488
112 395
130 189
186 358
49 196
325 413
143 187
56 357
11 442
61 195
363 379
180 256
17 25
368 416
69 313
204 398
93 358
77 410
94 281
12 255
275 314
232 476
164 274
249 347
254 397
103 199
74 185
392 482
144 280
32 317
150 484
69 381
380 449
267 285
82 316
157 202
69 449
193 445
11 156
218 413
79 392
227 331
47 331
67 249
58 475
38 345
177 400
64 236
170 260
29 495
18 385
152 500
117 282
357 468
148 454
154 215
41 51
34 401
64 338
61 113
163 269
4 8
129 349
122 256
228 280
318 403
105 309
10 492
281 326
318 437
240 491
15 364
62 172
115 184
138 471
52 428
164 226
421 448
98 347
167 307
203 448
278 381
189 325
180 441
36 417
307 463
177 216
65 418
210 310
107 257
271 419
40 455
132 288
320 385
189 427
320 419
78 421
210 412
165 175
431 493
270 488
317 406
103 452
309 343
263 458
361 432
222 301
137 228
99 440
165 243
133 182
333 375
52 79
199 260
56 159
60 239
362 423
300 315
280 397
88 254
46 449
21 452
134 173
252 450
89 109
198 439
21 486
117 336
485 496
411 457
63 388
24 234
165 476
212 394
285 324
119 182
192 222
25 47
139 278
69 319
201 310
224 385
107 141
245 336
15 481
319 346
58 243
242 323
4 295
58 277
210 296
197 395
17 230
246 437
231 247
271 405
107 374
31 109
2 95
85 91
29 462
214 402
184 465
316 456
206 449
260 321
386 407
243 306
129 219
186 311
63 340
326 399
198 488
294 338
297 385
207 296
28 266
48 184
241 284
134 324
69 169
204 317
27 364
41 188
44 235
122 325
191 450
126 295
119 202
201 228
73 317
41 256
216 452
336 410
176 328
97 459
32 304
285 446
61 352
114 364
89 430
54 212
306 431
156 266
57 369
364 493
306 465
388 491
54 246
271 357
66 423
209 346
4 349
296 422
87 408
353 451
82 439
53 425
14 190
96 284
398 468
86 477
206 469
174 298
11 279
6 263
216 234
137 365
88 323
134 208
175 187
383 477
321 369
73 167
7 364
15 249
88 391
109 342
41 140
4 63
371 402
29 31
236 398
473 490
94 220
62 159
233 385
191 470
69 320
171 374
179 471
65 274
328 333
257 451
46 101
53 275
197 333
266 293
14 74
103 274
327 402
98 470
32 455
263 280
302 468
11 61
185 334
238 346
110 435
262 378
64 141
5 402
242 494
145 278
133 135
15 31
6 147
88 173
145 312
64 209
187 214
256 310
284 498
147 158
300 404
232 265
138 308
260 492
5 14
28 301
15 235
195 400
42 492
7 384
10 431
243 443
321 423
76 378
457 494
84 428
285 379
159 361
89 300
103 124
241 421
176 266
48 355
241 455
66 293
20 408
119 305
73 454
70 195
324 370
188 333
224 474
107 230
231 234
245 459
90 427
188 464
160 454
178 248
312 363
51 158
111 446
141 281
382 390
334 381
361 473
137 269
256 359
51 260
190 315
109 212
130 163
6 332
305 469
145 497
64 394
84 312
23 237
383 483
155 262
14 497
326 488
19 225
195 454
20 292
76 461
113 462
264 448
225 323
134 413
416 467
203 373
160 202
168 299
54 165
98 403
155 432
135 336
205 219
114 419
136 293
43 157
197 436
71 206
13 288
60 96
116 265
369 407
117 125
115 478
112 287
64 278
72 163
23 155
244 346
149 419
2 238
36 90
194 415
118 150
102 202
12 113
65 125
272 492
53 92
44 208
196 227
236 385
233 338
186 454
3 407
158 473
58 100
115 192
208 472
441 484
144 240
184 186
21 57
302 387
119 340
34 55
360 449
83 233
221 462
192 448
26 272
36 493
135 390
99 312
54 287
70 332
107 333
121 157
177 326
51 96
309 351
24 38
67 243
39 296
227 393
132 466
198 379
96 325
3 189
283 486
202 493
154 209
73 106
96 393
129 275
304 471
269 363
98 171
37 96
168 198
45 227
19 260
315 350
237 294
129 411
77 322
261 402
122 381
84 483
90 244
253 407
58 217
102 455
83 185
168 368
41 380
193 289
79 202
136 231
104 170
299 394
67 93
267 367
238 353
71 207
317 332
324 459
344 377
50 290
110 476
173 295
341 364
251 275
373 459
210 440
99 400
104 403
210 474
116 305
248 296
312 452
47 379
77 104
120 419
243 314
45 77
215 333
101 246
23 190
199 356
138 281
141 438
158 309
330 458
342 423
168 184
41 196
195 475
58 135
70 100
8 204
37 252
44 379
127 163
278 424
102 441
47 93
4 255
327 390
167 418
335 487
433 461
41 400
173 179
377 389
292 316
242 385
292 350
30 324
37 451
295 431
217 485
83 370
38 243
422 453
92 178
132 336
83 404
100 275
266 451
21 296
11 185
75 341
116 320
174 272
47 394
333 355
51 199
205 444
195 223
116 388
85 250
102 121
243 300
355 373
96 394
130 136
18 448
121 362
76 298
326 393
149 440
186 339
321 377
7 372
76 332
461 465
428 481
248 481
170 425
92 479
254 276
86 131
175 331
290 451
250 264
110 210
15 393
281 389
49 444
37 301
44 365
225 398
1 194
267 300
217 369
18 99
58 320
167 438
217 437
402 440
317 367
255 259
21 311
75 327
13 329
219 283
161 467
391 432
394 479
361 495
81 122
248 331
20 47
355 359
300 378
55 333
145 456
15 209
179 261
121 445
56 290
338 344
322 396
195 345
41 100
6 359
155 221
93 223
379 459
48 261
31 390
289 370
237 281
41 168
80 466
118 288
372 463
232 409
249 280
453 490
208 445
58 204
179 465
110 293
281 409
151 374
110 395
271 400
188 375
57 417
262 338
166 189
157 305
213 474
414 425
206 381
210 461
276 298
178 324
17 429
64 237
141 323
48 77
205 479
46 430
21 433
80 282
51 268
264 286
412 437
301 397
251 432
350 363
118 172
204 215
55 416
186 408
265 421
51 438
220 430
203 347
151 258
207 427
24 380
261 409
51 472
3 463
359 417
189 224
310 375
86 171
72 457
38 60
12 305
204 482
224 400
26 163
62 304
12 373
177 183
110 381
26 231
46 149
381 427
353 480
55 101
95 322
107 389
166 209
124 404
194 287
345 485
141 309
67 333
39 289
10 275
46 416
223 403
28 213
3 279
273 402
138 351
37 55
244 422
98 164
154 367
122 306
395 476
232 347
102 312
126 310
98 329
192 257
82 250
253 366
250 319
224 352
167 323
94 317
228 432
246 370
410 422
115 336
69 451
135 364
376 473
209 327
59 99
82 386
70 243
22 234
217 458
447 457
235 286
86 458
218 449
202 336
55 218
423 480
398 483
5 499
247 319
117 284
108 298
391 487
247 353
174 347
12 39
301 432
109 323
6 380
102 230
53 86
113 437
225 235
212 478
203 382
359 418
176 261
2 465
48 350
400 499
368 438
306 330
33 194
40 321
274 303
107 191
160 313
98 417
352 380
172 380
278 451
331 463
332 496
188 362
161 304
238 361
169 189
11 110
149 195
8 430
193 433
369 387
85 107
366 374
337 360
153 343
120 359
24 66
263 494
96 285
451 481
1 468
137 264
22 453
85 209
56 195
76 223
211 261
166 346
187 297
256 422
91 481
73 134
208 316
241 300
35 477
342 499
81 396
232 382
16 241
118 295
40 239
37 192
87 157
74 91
163 456
180 327
103 173
229 471
164 379
20 457
90 340
323 352
107 211
193 317
401 442
356 480
75 184
245 440
43 123
292 358
38 217
22 269
58 347
344 371
160 401
96 169
181 352
86 425
116 197
78 375
10 160
7 113
184 433
484 493
218 450
25 384
239 338
71 303
305 348
312 412
252 404
39 310
378 456
163 238
52 198
23 184
128 497
43 424
322 355
159 226
264 327
273 491
3 402
375 469
339 425
61 286
52 402
367 440
171 327
123 318
163 476
257 467
152 188
41 360
197 349
44 441
99 244
5 350
202 221
230 236
4 351
152 290
74 344
317 375
164 467
17 349
418 430
206 369
79 381
235 307
29 450
67 272
91 317
345 492
198 374
70 463
134 142
492 495
435 471
412 493
183 286
40 75
338 352
247 442
297 407
105 264
