500 2500
187 434
90 108
282 285
85 414
126 283
84 478
421 437
123 270
97 413
188 247
421 471
278 370
115 241
246 309
106 467
46 103
442 490
266 295
376 446
125 150
124 261
7 17
213 414
117 121
323 455
104 301
262 414
344 474
79 401
11 199
280 352
1 455
248 291
71 338
54 467
56 148
79 435
34 308
81 116
129 188
153 398
70 483
104 500
226 472
51 310
220 302
227 476
44 107
183 272
101 309
180 246
134 361
118 248
159 329
432 499
187 454
151 266
171 294
144 173
17 83
335 380
254 324
168 281
311 416
392 477
74 180
179 493
249 376
299 341
33 298
201 367
388 494
44 442
143 483
115 426
135 454
6 67
39 161
377 486
214 357
68 209
6 101
251 290
88 161
91 318
85 114
104 384
30 455
28 119
85 148
255 404
23 40
38 374
106 133
212 267
101 261
272 377
186 334
220 288
351 356
165 417
64 396
163 293
48 173
321 343
106 235
112 439
117 442
204 306
232 321
142 444
66 179
396 441
250 293
13 23
253 374
200 396
79 135
47 74
204 476
254 441
405 427
17 171
126 454
114 421
168 466
13 222
270 444
202 242
348 424
235 260
206 356
75 322
148 362
291 497
337 416
239 442
154 157
20 42
182 384
206 492
194 349
165 335
162 288
159 165
145 451
334 471
137 388
49 158
46 478
329 455
169 483
68 462
272 460
207 305
290 301
106 284
11 404
225 243
368 378
311 320
2 439
147 331
233 374
87 116
254 325
61 259
445 469
164 236
140 162
310 418
29 122
131 176
229 425
286 454
45 379
49 459
47 60
257 474
258 397
307 439
295 296
171 465
140 327
360 485
206 274
157 232
201 470
17 322
67 177
71 194
206 342
284 322
287 369
280 339
199 236
361 476
382 427
337 402
370 496
76 197
109 181
35 252
301 358
100 441
251 427
390 482
198 449
215 354
163 265
147 215
39 434
436 498
269 399
106 270
233 258
147 249
27 325
257 290
162 473
130 302
3 424
257 324
372 444
57 194
129 413
84 451
98 275
168 268
94 229
86 166
25 91
189 253
285 470
8 288
126 489
156 261
50 224
116 137
176 488
26 260
7 87
148 266
47 245
74 400
475 481
431 489
198 265
103 448
71 277
222 263
59 244
443 454
230 360
277 278
394 412
136 466
199 222
373 495
104 405
152 448
104 439
252 378
301 310
361 496
34 378
51 249
138 215
187 257
48 160
268 318
92 398
134 300
240 371
73 225
81 356
65 133
101 384
416 422
265 436
363 410
310 322
143 286
203 362
90 198
110 226
12 252
119 246
73 361
368 481
131 211
72 472
155 421
57 282
364 469
21 128
336 488
100 107
307 474
160 293
127 199
110 328
33 305
306 475
189 341
245 400
114 442
132 236
73 497
221 436
34 97
397 419
291 319
61 464
262 305
284 289
62 421
279 485
182 269
153 255
271 469
42 215
292 420
312 338
28 58
25 378
213 475
30 428
78 500
54 426
38 313
369 464
174 274
11 255
2 159
108 230
194 336
124 487
240 289
63 336
116 458
123 176
166 491
20 233
191 412
84 389
77 393
289 488
12 272
29 143
332 360
442 464
213 257
364 455
181 196
238 288
15 497
331 458
385 440
16 454
22 215
406 425
144 399
184 345
145 220
124 303
116 240
341 401
116 274
193 496
30 477
283 407
173 337
214 481
195 245
70 491
199 325
337 457
260 434
34 384
45 114
216 230
337 491
244 355
329 428
12 54
106 257
212 328
33 39
77 277
9 75
449 454
33 73
1 12
322 466
195 478
85 408
28 413
2 446
257 379
58 172
139 309
89 378
110 329
49 466
164 311
148 151
167 358
327 364
130 493
381 409
99 287
90 403
205 248
262 340
178 190
1 381
70 341
51 71
214 399
165 226
47 334
18 354
325 329
80 284
464 494
2 228
75 480
122 123
42 420
342 378
116 493
163 301
222 454
126 161
247 485
77 263
477 484
298 454
118 242
240 426
225 236
395 492
425 429
139 227
151 328
83 126
210 211
201 327
70 157
93 444
274 367
405 469
61 417
263 325
217 440
327 481
30 347
164 462
434 475
323 435
402 414
33 428
99 341
31 92
341 373
22 352
173 338
74 441
63 221
313 426
91 380
7 230
333 412
2 214
153 412
60 276
294 321
173 474
220 282
163 287
195 382
2 350
119 151
264 410
45 285
180 260
289 441
225 319
265 477
122 376
90 205
224 354
70 109
22 100
188 310
110 301
156 249
37 358
144 352
155 496
306 482
66 440
40 473
100 182
120 210
213 380
53 408
173 256
255 282
103 441
308 362
165 261
255 384
56 177
80 222
277 368
108 300
268 306
124 494
387 443
46 438
194 377
294 307
186 314
137 382
175 238
61 151
62 74
190 496
142 487
159 358
19 304
24 354
211 481
23 418
258 323
97 428
115 222
310 446
201 362
46 118
83 229
307 467
196 427
360 479
22 188
458 487
267 377
434 476
12 478
217 446
121 153
267 445
78 459
67 273
35 212
186 198
247 307
34 323
387 395
105 129
128 416
20 90
121 386
109 243
378 443
460 469
199 366
187 333
322 371
27 251
57 86
276 486
166 416
51 359
45 155
236 299
32 89
72 310
379 434
204 272
241 336
90 138
244 493
65 141
147 277
63 494
57 188
146 278
93 363
179 406
212 500
236 498
201 280
150 426
380 391
167 297
270 274
306 415
1 218
155 463
225 456
180 431
279 328
143 464
43 91
352 402
143 498
176 482
29 301
193 353
205 318
22 271
12 464
38 219
25 318
115 441
348 453
230 286
169 211
235 289
39 176
161 360
4 435
21 306
25 386
238 480
184 469
222 291
193 489
361 456
145 378
117 224
51 209
6 184
141 332
394 474
77 100
152 476
28 168
415 425
304 385
251 373
27 169
128 465
81 214
304 419
89 99
162 351
333 467
412 446
186 349
51 345
81 282
51 379
6 417
85 396
126 265
113 411
203 322
142 459
87 111
261 384
84 431
49 323
139 234
159 461
146 395
111 177
203 424
285 450
270 294
40 392
83 230
26 172
332 436
91 149
167 448
26 303
263 332
66 461
230 272
30 354
17 385
84 111
291 478
15 20
71 291
101 126
304 337
124 447
492 497
215 281
169 396
157 465
387 430
12 28
325 356
7 334
411 462
20 159
233 253
93 199
133 391
15 287
375 423
158 422
64 465
134 348
6 437
187 470
138 428
253 273
56 402
367 394
56 436
94 258
392 425
13 53
200 392
52 453
89 352
119 289
140 177
37 263
213 217
19 393
131 191
311 466
102 452
17 104
30 204
319 385
90 411
245 477
214 276
11 99
337 349
24 55
214 441
14 248
158 204
178 334
70 451
152 477
170 271
391 462
149 354
85 232
390 463
273 329
13 490
50 491
85 266
92 427
207 272
354 487
187 388
264 398
2 372
56 354
1 6
7 422
257 305
60 468
58 166
302 322
69 344
119 309
124 147
131 274
218 240
38 138
12 383
111 280
413 464
99 281
87 350
454 477
10 115
302 492
149 170
320 430
7 136
50 341
99 383
280 306
3 90
193 476
129 142
178 320
23 173
191 242
14 399
77 155
301 393
91 456
138 264
10 353
109 250
179 243
375 390
232 289
134 315
52 289
139 153
113 398
216 375
56 403
5 72
175 328
183 425
40 214
37 201
122 384
56 471
25 58
66 249
154 479
57 263
437 456
127 146
176 387
303 409
271 348
13 190
192 403
157 185
164 422
99 267
189 390
74 333
218 391
120 286
209 439
226 310
162 188
418 487
173 332
52 71
195 206
235 364
259 472
362 386
14 317
99 500
448 492
16 32
6 288
415 466
435 494
273 398
59 444
28 243
165 439
150 249
355 492
297 464
32 179
220 441
371 427
94 211
232 343
278 291
65 197
31 455
134 369
58 104
26 43
85 471
201 239
36 361
89 373
136 181
126 374
29 158
99 151
238 269
360 453
33 272
417 482
279 350
181 211
380 481
184 258
48 496
327 393
83 271
254 497
140 363
192 452
296 399
145 201
29 357
340 459
279 486
13 278
17 358
231 312
202 298
160 493
95 372
133 194
76 199
132 470
84 186
153 421
298 313
158 259
326 328
13 477
220 325
174 440
24 212
64 370
159 250
94 95
108 396
63 434
129 347
68 484
137 444
106 306
162 475
190 490
338 429
126 258
57 196
28 394
225 265
129 449
261 440
179 414
66 250
289 455
151 323
20 365
49 413
188 256
254 381
118 407
175 499
32 398
299 364
43 99
21 212
44 499
41 452
124 236
189 391
210 342
245 484
111 369
292 402
96 179
11 106
11 140
312 354
152 382
320 451
6 124
39 218
127 482
262 457
100 361
152 484
44 48
264 269
36 95
109 237
199 360
268 320
147 169
71 449
36 129
67 466
170 380
207 279
76 321
175 218
37 86
272 468
118 223
139 174
346 431
265 438
351 481
322 467
90 166
225 251
113 453
286 423
90 200
60 475
245 266
78 167
151 309
150 420
132 136
140 233
224 417
274 382
78 269
176 442
128 158
148 186
192 424
32 452
323 416
120 273
422 457
193 415
226 297
162 175
242 491
124 387
27 61
86 489
129 149
313 441
158 197
14 338
178 390
17 495
81 174
235 419
149 376
49 113
22 435
440 450
169 438
106 176
334 494
10 491
57 168
396 416
17 44
204 383
450 461
314 424
19 367
233 431
118 374
1 130
41 288
253 383
196 388
89 428
336 476
22 149
327 380
18 103
136 270
168 441
100 163
103 320
157 255
14 154
172 479
288 357
173 271
238 460
128 343
366 405
186 193
24 97
149 328
21 451
96 384
77 177
2 215
276 418
165 378
42 470
121 449
347 368
6 363
56 328
130 291
150 319
39 491
167 224
164 177
53 137
36 266
44 253
249 284
187 498
72 441
134 473
115 237
491 494
281 447
167 360
201 377
332 479
110 399
135 367
483 499
55 85
287 310
320 404
127 338
349 452
4 430
288 377
124 325
43 222
35 159
95 345
317 493
283 463
183 200
22 470
354 379
277 403
34 435
222 422
223 455
322 352
19 169
10 395
194 475
241 283
24 253
325 467
89 196
461 475
23 317
167 210
208 401
48 319
150 373
98 284
265 493
302 316
47 50
417 436
437 464
274 335
380 406
131 234
30 213
86 209
185 216
156 202
192 343
126 430
307 497
9 330
144 368
210 281
124 175
119 405
221 459
152 287
114 499
71 218
135 484
341 375
43 271
255 366
127 455
131 472
223 305
4 484
283 415
305 399
276 385
100 402
134 207
60 278
170 319
293 324
277 486
166 446
265 343
285 295
322 406
212 399
215 446
119 153
486 492
396 403
158 485
160 166
26 51
73 336
139 283
271 274
127 140
196 375
105 465
197 332
201 349
86 292
123 403
143 465
91 164
25 251
292 327
275 456
69 489
66 442
87 393
356 483
71 170
26 318
65 477
115 442
156 421
115 476
43 257
145 311
113 140
263 415
125 283
101 141
239 438
174 283
244 276
71 403
120 445
105 145
27 233
158 301
72 229
183 303
305 487
179 320
350 436
114 165
10 464
35 432
285 315
53 124
90 125
179 388
30 83
135 184
420 497
289 429
192 213
265 465
62 212
314 494
89 435
57 374
221 426
192 412
8 366
114 500
348 372
67 139
173 210
111 377
402 451
398 405
320 459
71 287
259 384
260 307
366 412
166 282
390 410
15 118
305 371
178 383
145 399
202 491
174 400
80 341
11 415
2 319
154 275
27 287
399 464
39 464
200 257
233 288
12 131
6 467
105 364
133 489
289 415
343 460
58 147
52 420
188 216
282 419
392 460
41 344
156 223
271 343
45 458
151 453
171 481
327 470
262 315
167 498
127 311
245 478
206 290
292 396
99 330
313 347
140 411
100 287
213 485
292 464
316 462
103 478
161 430
121 306
309 403
391 463
325 338
412 414
215 331
56 219
106 184
72 264
208 272
244 413
412 482
69 141
395 433
167 183
286 383
346 459
282 337
118 285
21 22
105 418
204 425
359 491
26 106
135 287
70 132
107 133
314 500
79 152
303 390
146 465
324 341
327 388
302 488
1 274
161 280
8 435
82 445
164 471
34 258
56 69
115 497
366 413
75 373
161 479
148 413
14 298
103 498
117 275
52 120
138 163
222 313
63 264
129 177
329 370
378 412
247 344
162 271
36 41
157 467
124 483
207 220
280 472
284 489
72 216
159 182
170 389
204 241
207 288
232 256
89 155
286 301
268 465
6 439
73 275
163 398
311 337
138 464
421 441
290 483
160 173
249 326
151 352
368 463
229 442
87 264
146 417
249 394
36 410
156 258
438 448
258 448
42 95
263 286
349 392
103 314
231 259
26 325
13 259
125 222
235 263
35 133
348 461
2 73
51 115
239 377
288 419
60 135
63 182
136 434
238 488
96 310
55 263
137 289
121 341
183 208
239 479
27 206
63 347
109 232
133 277
35 303
68 431
93 221
379 457
261 353
167 184
286 321
162 490
2 408
62 117
311 352
72 401
94 212
139 271
41 297
31 490
2 476
249 312
368 449
360 386
127 162
253 426
37 285
8 271
258 366
126 472
140 296
323 377
303 493
5 326
35 51
8 373
57 415
279 419
262 370
38 276
222 246
309 322
64 167
304 340
187 206
226 394
77 123
81 203
133 292
51 300
19 129
91 458
146 151
48 177
12 36
133 360
190 389
129 314
31 340
63 435
45 198
118 238
351 462
325 495
208 361
11 490
372 413
395 488
78 114
229 312
164 191
163 467
200 366
306 390
213 254
82 296
132 151
274 363
281 490
224 432
107 188
274 431
25 259
328 476
61 481
12 439
377 442
31 54
427 441
194 217
80 130
141 239
152 383
104 374
423 429
113 216
92 299
125 393
148 468
333 408
300 377
25 497
16 34
269 286
31 258
403 435
125 461
63 353
61 127
407 439
41 133
175 248
297 432
81 291
171 202
48 328
196 267
114 241
40 202
318 485
425 479
192 255
179 464
176 307
36 363
146 404
69 381
22 130
160 262
124 184
267 319
146 472
111 254
278 463
180 489
458 463
266 320
267 353
104 224
42 116
75 210
53 370
64 100
409 489
266 388
63 101
188 442
266 422
50 344
18 283
111 487
419 432
91 391
96 331
244 270
31 176
190 322
358 391
10 322
11 292
325 331
276 399
142 284
244 338
166 392
265 289
252 498
72 223
145 475
63 402
163 269
48 212
241 312
68 486
82 98
155 240
62 104
154 351
190 492
133 497
83 89
228 348
310 374
347 485
131 132
130 374
246 286
36 349
23 448
179 484
225 403
9 325
332 460
271 385
340 345
171 489
185 313
131 365
319 462
58 359
26 298
193 397
111 371
348 400
128 242
11 108
201 494
38 263
222 233
111 405
177 318
160 481
59 248
361 432
193 499
247 269
313 457
333 375
161 472
309 411
284 477
7 261
47 419
277 418
386 489
122 174
63 388
179 266
248 438
15 214
163 318
23 264
31 361
5 61
97 308
167 191
321 436
290 408
76 454
221 236
33 110
168 258
66 272
237 451
388 437
385 390
228 465
164 343
210 262
352 364
234 260
495 499
79 228
397 423
34 101
202 233
6 10
91 193
46 168
78 373
144 451
434 492
231 315
431 479
83 410
402 465
108 166
210 432
59 234
74 458
276 332
17 463
195 229
205 450
244 271
476 496
227 434
153 395
435 449
13 485
194 408
411 472
268 371
329 480
23 250
424 441
28 300
285 310
318 404
294 440
32 202
139 196
265 460
123 282
129 486
396 452
53 221
159 457
32 304
327 348
99 174
17 148
123 384
71 83
111 241
303 418
40 456
68 104
397 443
316 340
153 211
245 458
181 336
185 416
320 454
111 440
295 457
115 457
86 443
284 347
18 304
238 496
22 355
11 245
70 461
239 453
128 413
312 493
28 150
215 277
70 495
137 331
95 463
100 466
207 282
129 336
117 405
39 459
73 201
76 358
93 229
130 293
97 309
150 321
183 352
155 261
240 444
139 148
199 499
51 458
2 416
225 288
265 446
400 484
33 145
17 32
211 498
127 136
163 489
384 405
156 184
98 368
16 342
8 279
180 428
13 117
380 456
197 299
253 468
103 240
87 292
26 183
57 423
238 346
189 414
79 297
67 154
139 483
25 286
12 495
262 378
112 150
299 489
62 460
160 468
56 78
108 167
312 377
178 296
11 197
148 359
109 124
24 85
277 337
21 405
91 432
252 437
42 390
269 342
147 192
118 178
2 334
180 210
163 339
159 293
35 462
343 407
294 475
250 271
322 490
9 196
311 380
429 484
220 470
200 340
396 453
103 124
44 338
179 423
364 426
417 438
40 326
74 178
281 435
95 129
46 87
181 235
188 299
29 250
43 74
292 309
188 333
319 401
151 468
4 350
87 346
160 386
62 412
348 436
189 434
95 362
427 483
153 314
75 368
213 500
13 370
112 267
443 465
316 477
26 470
260 342
60 212
107 497
260 376
138 226
112 369
80 308
141 417
109 246
273 408
34 457
31 334
147 212
220 354
212 401
6 434
187 467
123 235
285 365
257 384
232 387
32 291
155 398
140 208
155 432
270 277
38 86
78 244
5 301
140 276
160 304
143 467
454 459
218 353
99 297
348 422
5 403
279 496
116 265
108 139
7 118
127 409
78 477
55 224
390 392
75 388
439 468
227 407
15 71
104 436
276 373
38 455
125 421
273 360
212 285
38 489
222 459
113 312
163 277
183 305
59 474
237 240
24 256
93 250
143 215
139 169
28 404
35 468
51 479
241 422
253 324
144 240
20 409
109 499
103 193
192 283
127 191
16 363
200 443
319 368
185 253
389 497
12 414
249 443
168 450
123 488
246 430
36 493
148 244
198 209
271 461
75 272
111 413
95 300
10 117
33 467
37 484
218 407
18 277
169 263
156 409
165 183
1 440
84 114
238 469
85 147
177 394
161 446
145 333
259 420
83 500
231 439
169 331
206 442
95 402
142 210
195 222
10 316
84 216
55 312
102 154
154 243
326 392
428 446
166 420
15 222
42 479
318 329
190 452
59 494
261 368
134 380
236 371
212 470
36 309
102 387
122 415
172 270
25 89
225 329
160 237
32 122
159 450
474 488
32 360
75 122
58 285
161 262
201 420
94 460
434 466
90 414
181 358
182 349
70 386
166 236
230 392
55 230
370 480
308 435
13 425
15 106
71 411
35 333
298 329
322 327
194 416
355 421
244 381
32 45
35 367
293 347
186 387
233 305
342 423
216 358
224 243
229 293
233 373
119 176
8 136
175 345
54 55
290 436
77 405
274 276
89 307
343 482
393 447
82 277
384 461
254 426
13 76
200 415
446 493
124 150
95 136
136 280
176 438
79 222
192 420
8 403
62 385
13 241
454 480
127 362
374 410
447 450
34 226
284 321
3 25
178 221
194 232
149 207
202 329
54 424
369 462
173 349
125 374
148 449
195 257
25 478
105 168
305 408
23 142
195 291
403 416
387 468
72 218
125 442
159 184
125 476
40 81
62 65
10 487
63 499
363 394
65 180
52 326
53 147
310 369
78 115
28 459
281 389
364 385
115 213
224 331
5 240
360 436
37 335
103 248
238 286
110 375
246 383
167 404
135 343
46 143
328 409
89 458
164 357
409 436
295 349
100 159
116 170
202 213
405 500
12 469
328 477
299 463
35 101
86 403
153 239
35 135
3 108
260 330
316 436
35 203
219 283
23 60
95 389
142 197
223 300
276 312
287 456
419 447
138 214
96 346
300 344
7 290
195 311
41 66
77 207
130 219
215 339
222 466
358 474
195 345
149 460
326 413
347 364
10 439
126 207
191 396
143 222
94 180
51 486
315 405
164 207
102 374
81 457
2 478
49 396
246 267
253 394
65 268
33 207
246 335
217 321
238 272
61 429
32 415
131 312
302 428
188 341
57 383
90 367
42 83
262 304
161 283
96 128
34 130
18 182
38 210
181 345
111 386
153 288
91 290
59 263
24 45
161 419
35 189
109 152
31 206
386 402
222 350
260 384
11 322
153 424
14 403
19 165
6 374
346 380
51 370
49 246
4 9
208 329
62 71
183 395
57 165
87 102
86 103
339 355
311 374
315 454
27 461
126 392
104 109
20 436
47 114
33 290
34 48
9 326
143 475
61 449
46 149
377 410
79 243
12 407
401 455
434 439
136 335
95 191
121 145
426 486
54 343
107 355
348 464
141 241
348 498
6 127
334 341
206 430
10 207
205 431
49 62
50 462
120 392
10 275
51 254
222 370
133 280
157 490
35 306
333 444
215 340
118 124
141 411
20 150
24 230
45 118
383 443
69 116
207 311
208 281
276 483
215 408
212 361
137 462
142 402
129 399
395 442
133 416
318 419
94 215
201 209
4 126
36 297
77 378
65 235
364 372
371 499
135 228
253 366
15 448
65 303
490 492
442 483
65 337
119 382
18 120
221 470
238 341
120 174
10 57
40 471
6 11
125 211
266 390
164 480
75 314
99 422
13 350
227 367
283 426
145 375
3 197
3 231
105 175
138 269
150 171
6 312
145 477
9 26
39 440
102 230
286 310
204 284
77 296
211 411
129 385
297 454
15 332
237 336
25 63
84 491
286 412
89 329
470 492
103 153
164 262
289 493
224 401
89 397
155 475
89 431
37 342
246 390
221 456
41 456
140 353
157 224
69 471
8 396
29 347
259 312
218 367
4 447
100 297
59 250
260 303
74 474
166 278
222 337
390 406
182 425
464 479
48 132
383 410
187 297
76 257
256 456
36 167
220 349
208 316
195 415
2 349
121 486
6 429
72 342
293 423
342 465
7 433
106 330
371 403
225 255
133 485
364 373
93 361
197 232
61 402
75 150
171 477
377 431
9 415
344 371
161 324
5 432
74 392
255 315
447 492
2 97
341 392
210 434
184 467
194 274
18 291
308 395
152 440
51 207
38 353
148 457
54 500
199 282
304 383
133 267
25 486
215 327
235 491
163 272
204 251
178 496
322 389
63 410
342 417
76 374
322 423
35 463
257 365
35 497
315 427
105 380
236 448
164 229
159 425
111 141
30 148
56 482
204 421
29 149
196 358
30 182
384 455
140 223
146 427
181 202
204 489
258 424
324 337
30 250
185 316
68 72
246 425
70 230
107 294
295 391
112 132
2 15
144 439
295 425
197 451
431 496
121 186
188 499
43 274
178 312
2 117
25 404
222 275
157 395
226 355
248 339
95 465
195 285
16 43
52 184
226 457
411 460
52 252
39 461
